MRPI/JupyterNotebooks/sm.asc
NCOLS 310
NROWS 350
XLLCORNER -124.90625
YLLCORNER 31.09375
CELLSIZE 0.0625
NODATA_VALUE = -9999
[rows 130 to 155 of 350, columns 232 to 289 of 310]
0.0, 0.0, 0.0, 0.0, 0.0, 0.0, 0.0, 0.0, 0.0, 0.0, 0.0, 0.0, 0.0, 0.0, 0.0, 0.0, 0.0, 0.0, 0.0, 0.0, 0.0, 0.0, 0.0, 0.0, 0.0, 0.11999999731779099, 0.10999999940395355, 0.10000000149011612, 0.10000000149011612, 0.15999999642372131, 0.18000000715255737, 0.23000000417232513, 0.27000001072883606, 0.27000001072883606, 0.30000001192092896, 0.49000000953674316, 0.72000002861022949, 0.8399999737739563, 0.93999999761581421, 1.0499999523162842, 1.1399999856948853, 1.3300000429153442, 1.690000057220459, 2.2999999523162842, 2.190000057220459, 2.380000114440918, 2.9200000762939453, 4.4800000190734863, 4.4899997711181641, 2.8599998950958252, 2.6600000858306885, 4.429999828338623, 3.9500000476837158, 2.809999942779541, 2.6600000858306885, 2.5899999141693115, 2.9300000667572021, 4.3499999046325684,
0.0, 0.0, 0.0, 0.0, 0.0, 0.0, 0.0, 0.0, 0.0, 0.0, 0.0, 0.0, 0.0, 0.0, 0.0, 0.0, 0.0, 0.0, 0.0, 0.0, 0.0, 0.0, 0.0, 0.0, 0.0, 0.20000000298023224, 0.20999999344348907, 0.23000000417232513, 0.27000001072883606, 0.31999999284744263, 0.36000001430511475, 0.41999998688697815, 0.37000000476837158, 0.37999999523162842, 0.40999999642372131, 0.49000000953674316, 0.60000002384185791, 1.0900000333786011, 1.9099999666213989, 1.9700000286102295, 2.1800000667572021, 2.6800000667572021, 1.9800000190734863, 1.5399999618530273, 1.6000000238418579, 2.9300000667572021, 3.2799999713897705, 3.8399999141693115, 3.5199999809265137, 2.0699999332427979, 2.1099998950958252, 2.4100000858306885, 2.3299999237060547, 2.1700000762939453, 2.2200000286102295, 2.6500000953674316, 3.0399999618530273, 3.1700000762939453,
0.0, 0.0, 0.0, 0.0, 0.0, 0.0, 0.0, 0.0, 0.0, 0.0, 0.0, 0.0, 0.0, 0.0, 0.0, 0.0, 0.0, 0.0, 0.0, 0.0, 0.0, 0.0, 0.0, 0.0, 0.0, 0.0, 0.34000000357627869, 0.44999998807907104, 0.5, 0.51999998092651367, 0.55000001192092896, 0.52999997138977051, 0.54000002145767212, 0.44999998807907104, 0.61000001430511475, 0.70999997854232788, 0.60000002384185791, 0.82999998331069946, 1.5499999523162842, 2.1099998950958252, 2.380000114440918, 1.7000000476837158, 1.3700000047683716, 1.309999942779541, 1.440000057220459, 1.9900000095367432, 2.6800000667572021, 3.6700000762939453, 3.4100000858306885, 2.1099998950958252, 2.0399999618530273, 2.130000114440918, 1.940000057220459, 3.4600000381469727, 2.9500000476837158, 2.5199999809265137, 3.4600000381469727, 3.6500000953674316,
0.0, 0.0, 0.0, 0.0, 0.0, 0.0, 0.0, 0.0, 0.0, 0.0, 0.0, 0.0, 0.0, 0.0, 0.0, 0.0, 0.0, 0.0, 0.0, 0.0, 0.0, 0.0, 0.0, 0.0, 0.0, 0.0, 0.0, 0.61000001430511475, 0.68999999761581421, 0.6600000262260437, 0.64999997615814209, 0.57999998331069946, 0.57999998331069946, 0.6600000262260437, 0.93000000715255737, 1.1399999856948853, 0.76999998092651367, 0.75999999046325684, 0.79000002145767212, 0.86000001430511475, 1.1000000238418579, 1.1799999475479126, 1.1100000143051147, 1.2200000286102295, 1.2799999713897705, 1.6599999666213989, 1.9099999666213989, 2.3499999046325684, 2.2100000381469727, 1.9700000286102295, 2.2999999523162842, 2.3199999332427979, 2.0999999046325684, 2.4100000858306885, 2.7100000381469727, 2.8599998950958252, 2.7999999523162842, 2.9600000381469727,
0.0, 0.0, 0.0, 0.0, 0.0, 0.0, 0.0, 0.0, 0.0, 0.0, 0.0, 0.0, 0.0, 0.0, 0.0, 0.0, 0.0, 0.0, 0.0, 0.0, 0.0, 0.0, 0.0, 0.0, 0.0, 0.0, 0.0, 0.77999997138977051, 0.8399999737739563, 0.93999999761581421, 0.93000000715255737, 0.87000000476837158, 0.80000001192092896, 1.0099999904632568, 1.440000057220459, 1.190000057220459, 1.2000000476837158, 1.4900000095367432, 1.3200000524520874, 0.89999997615814209, 0.93999999761581421, 0.89999997615814209, 0.97000002861022949, 0.98000001907348633, 1.2000000476837158, 1.3999999761581421, 1.6299999952316284, 1.5800000429153442, 1.559999942779541, 1.75, 2.2200000286102295, 2.690000057220459, 2.2899999618530273, 2.0699999332427979, 2.4200000762939453, 2.2599999904632568, 2.3399999141693115, 2.309999942779541,
0.0, 0.0, 0.0, 0.0, 0.0, 0.0, 0.0, 0.0, 0.0, 0.0, 0.0, 0.0, 0.0, 0.0, 0.0, 0.0, 0.0, 0.0, 0.0, 0.0, 0.0, 0.0, 0.0, 0.0, 0.0, 0.0, 0.0, 0.0, 0.95999997854232788, 1.059999942779541, 1.1499999761581421, 1.25, 1.190000057220459, 1.6499999761581421, 1.7100000381469727, 1.3200000524520874, 1.1499999761581421, 1.2999999523162842, 1.690000057220459, 1.5700000524520874, 0.97000002861022949, 0.95999997854232788, 0.98000001907348633, 1.1399999856948853, 1.1200000047683716, 1.2799999713897705, 1.4299999475479126, 1.8999999761581421, 2.3299999237060547, 2.130000114440918, 2.0099999904632568, 1.6499999761581421, 1.4199999570846558, 1.2999999523162842, 1.1200000047683716, 1.5299999713897705, 1.7400000095367432, 1.4700000286102295,
0.0, 0.0, 0.0, 0.0, 0.0, 0.0, 0.0, 0.0, 0.0, 0.0, 0.0, 0.0, 0.0, 0.0, 0.0, 0.0, 0.0, 0.0, 0.0, 0.0, 0.0, 0.0, 0.0, 0.0, 0.0, 0.0, 0.0, 0.0, 0.0, 1.2300000190734863, 1.2899999618530273, 1.2999999523162842, 1.3400000333786011, 1.5399999618530273, 1.5900000333786011, 1.6799999475479126, 1.6699999570846558, 1.6100000143051147, 1.809999942779541, 1.2200000286102295, 1.0199999809265137, 1.0399999618530273, 1.1499999761581421, 1.1799999475479126, 1.1499999761581421, 1.6399999856948853, 2.6800000667572021, 3.0899999141693115, 3.8900001049041748, 3.5499999523162842, 3.0699999332427979, 2.25, 1.2100000381469727, 1.2999999523162842, 1.0800000429153442, 1.0299999713897705, 1.1100000143051147, 1.1399999856948853,
0.0, 0.0, 0.0, 0.0, 0.0, 0.0, 0.0, 0.0, 0.0, 0.0, 0.0, 0.0, 0.0, 0.0, 0.0, 0.0, 0.0, 0.0, 0.0, 0.0, 0.0, 0.0, 0.0, 0.0, 0.0, 0.0, 0.0, 0.0, 0.0, 1.25, 1.3700000047683716, 1.1100000143051147, 0.92000001668930054, 0.86000001430511475, 0.95999997854232788, 0.97000002861022949, 1.1299999952316284, 1.0800000429153442, 1.190000057220459, 1.75, 1.9500000476837158, 1.8500000238418579, 1.9600000381469727, 2.190000057220459, 2.2200000286102295, 2.6700000762939453, 3.4500000476837158, 3.8900001049041748, 3.869999885559082, 3.6800000667572021, 3.4100000858306885, 2.380000114440918, 1.25, 0.94999998807907104, 1.1799999475479126, 1.5399999618530273, 1.8400000333786011, 1.7300000190734863,
0.0, 0.0, 0.0, 0.0, 0.0, 0.0, 0.0, 0.0, 0.0, 0.0, 0.0, 0.0, 0.0, 0.0, 0.0, 0.0, 0.0, 0.0, 0.0, 0.0, 0.0, 0.0, 0.0, 0.0, 0.0, 0.0, 0.0, 0.0, 0.0, 0.0, 1.0, 0.8399999737739563, 0.75999999046325684, 0.82999998331069946, 0.88999998569488525, 0.93000000715255737, 1.059999942779541, 0.95999997854232788, 1.0199999809265137, 1.9800000190734863, 2.2599999904632568, 2.4000000953674316, 2.2400000095367432, 2.4800000190734863, 2.4600000381469727, 2.7200000286102295, 3.2100000381469727, 3.5499999523162842, 3.6500000953674316, 3.5299999713897705, 3.0699999332427979, 1.9600000381469727, 1.5, 1.0499999523162842, 1.1499999761581421, 2.059999942779541, 2.6400001049041748, 1.8799999952316284,
0.0, 0.0, 0.0, 0.0, 0.0, 0.0, 0.0, 0.0, 0.0, 0.0, 0.0, 0.0, 0.0, 0.0, 0.0, 0.0, 0.0, 0.0, 0.0, 0.0, 0.0, 0.0, 0.0, 0.0, 0.0, 0.0, 0.0, 0.0, 0.0, 0.0, 0.80000001192092896, 0.75999999046325684, 0.75999999046325684, 0.75999999046325684, 0.76999998092651367, 0.97000002861022949, 1.1000000238418579, 1.1100000143051147, 1.1599999666213989, 1.940000057220459, 2.2799999713897705, 2.1500000953674316, 2.1500000953674316, 2.0199999809265137, 2.380000114440918, 2.369999885559082, 2.75, 2.5299999713897705, 2.6500000953674316, 2.869999885559082, 2.7799999713897705, 3.1700000762939453, 3.1600000858306885, 1.8700000047683716, 1.2799999713897705, 1.5900000333786011, 1.3400000333786011, 1.2300000190734863,
0.0, 0.0, 0.0, 0.0, 0.0, 0.0, 0.0, 0.0, 0.0, 0.0, 0.0, 0.0, 0.0, 0.0, 0.0, 0.0, 0.0, 0.0, 0.0, 0.0, 0.0, 0.0, 0.0, 0.0, 0.0, 0.0, 0.0, 0.0, 0.0, 0.0, 0.77999997138977051, 0.72000002861022949, 0.75, 0.81000000238418579, 0.8399999737739563, 0.8399999737739563, 0.88999998569488525, 1.2999999523162842, 1.2000000476837158, 1.3600000143051147, 1.8300000429153442, 1.2999999523162842, 1.2699999809265137, 1.309999942779541, 2.0799999237060547, 1.6599999666213989, 2.630000114440918, 2.7000000476837158, 2.6800000667572021, 2.619999885559082, 2.7599999904632568, 3.3199999332427979, 2.9800000190734863, 2.0899999141693115, 1.5, 1.2599999904632568, 1.1699999570846558, 1.0099999904632568,
0.0, 0.0, 0.0, 0.0, 0.0, 0.0, 0.0, 0.0, 0.0, 0.0, 0.0, 0.0, 0.0, 0.0, 0.0, 0.0, 0.0, 0.0, 0.0, 0.0, 0.0, 0.0, 0.0, 0.0, 0.0, 0.0, 0.0, 0.0, 0.0, 0.0, 0.86000001430511475, 0.77999997138977051, 0.80000001192092896, 0.82999998331069946, 0.93000000715255737, 0.75999999046325684, 0.81999999284744263, 0.95999997854232788, 0.89999997615814209, 1.0199999809265137, 1.1200000047683716, 0.93999999761581421, 0.92000001668930054, 0.94999998807907104, 0.92000001668930054, 2.0, 2.1800000667572021, 2.0399999618530273, 2.8900001049041748, 2.5299999713897705, 2.690000057220459, 3.0199999809265137, 3.309999942779541, 2.690000057220459, 2.0199999809265137, 2.2300000190734863, 2.3599998950958252, 1.5299999713897705,
0.0, 0.0, 0.0, 0.0, 0.0, 0.0, 0.0, 0.0, 0.0, 0.0, 0.0, 0.0, 0.0, 0.0, 0.0, 0.0, 0.0, 0.0, 0.0, 0.0, 0.0, 0.0, 0.0, 0.0, 0.0, 0.0, 0.0, 0.0, 0.0, 0.0, 0.92000001668930054, 0.89999997615814209, 0.89999997615814209, 0.89999997615814209, 0.95999997854232788, 0.8399999737739563, 0.75, 0.75, 0.75999999046325684, 0.77999997138977051, 0.75, 0.80000001192092896, 0.82999998331069946, 1.1399999856948853, 1.3300000429153442, 1.5399999618530273, 1.4700000286102295, 1.9099999666213989, 2.3399999141693115, 2.0999999046325684, 2.6500000953674316, 2.9800000190734863, 3.2799999713897705, 2.9200000762939453, 2.369999885559082, 2.1700000762939453, 1.9700000286102295, 1.5800000429153442,
0.0, 0.0, 0.0, 0.0, 0.0, 0.0, 0.0, 0.0, 0.0, 0.0, 0.0, 0.0, 0.0, 0.0, 0.0, 0.0, 0.0, 0.0, 0.0, 0.0, 0.0, 0.0, 0.0, 0.0, 0.0, 0.0, 0.0, 0.0, 0.0, 1.0499999523162842, 1.0299999713897705, 0.93999999761581421, 0.92000001668930054, 0.93999999761581421, 0.8399999737739563, 0.8399999737739563, 0.85000002384185791, 0.89999997615814209, 0.82999998331069946, 0.80000001192092896, 0.87000000476837158, 1.0099999904632568, 1.2200000286102295, 2.0699999332427979, 1.7799999713897705, 1.9900000095367432, 1.7699999809265137, 2.0399999618530273, 2.2799999713897705, 2.4700000286102295, 2.619999885559082, 3.0999999046325684, 3.5199999809265137, 2.5099999904632568, 1.809999942779541, 1.5700000524520874, 1.6599999666213989, 1.8500000238418579,
0.0, 0.0, 0.0, 0.0, 0.0, 0.0, 0.0, 0.0, 0.0, 0.0, 0.0, 0.0, 0.0, 0.0, 0.0, 0.0, 0.0, 0.0, 0.0, 0.0, 0.0, 0.0, 0.0, 0.0, 0.0, 0.0, 0.0, 0.0, 0.0, 0.75999999046325684, 0.93999999761581421, 0.81999999284744263, 0.8399999737739563, 0.92000001668930054, 1.0299999713897705, 0.94999998807907104, 1.0700000524520874, 1.0299999713897705, 0.93000000715255737, 1.3999999761581421, 1.2000000476837158, 1.3300000429153442, 1.5, 1.5700000524520874, 1.9500000476837158, 2.2400000095367432, 1.8899999856948853, 1.7599999904632568, 2.2599999904632568, 2.2200000286102295, 1.7999999523162842, 2.380000114440918, 2.3199999332427979, 1.690000057220459, 1.1200000047683716, 1.2699999809265137, 2.2599999904632568, 2.190000057220459,
0.0, 0.0, 0.0, 0.0, 0.0, 0.0, 0.0, 0.0, 0.0, 0.0, 0.0, 0.0, 0.0, 0.0, 0.0, 0.0, 0.0, 0.0, 0.0, 0.0, 0.0, 0.0, 0.0, 0.0, 0.0, 0.0, 0.0, 0.0, 0.0, 0.60000002384185791, 0.75, 1.1499999761581421, 0.94999998807907104, 0.97000002861022949, 1.0299999713897705, 1.0499999523162842, 1.0399999618530273, 1.4900000095367432, 1.4700000286102295, 1.5900000333786011, 1.2699999809265137, 0.99000000953674316, 0.95999997854232788, 1.0700000524520874, 1.4500000476837158, 1.690000057220459, 1.2599999904632568, 1.3600000143051147, 1.6699999570846558, 1.3799999952316284, 1.6699999570846558, 2.0, 1.559999942779541, 1.3999999761581421, 1.1200000047683716, 1.4299999475479126, 1.8600000143051147, 1.8799999952316284,
0.0, 0.0, 0.0, 0.0, 0.0, 0.0, 0.0, 0.0, 0.0, 0.0, 0.0, 0.0, 0.0, 0.0, 0.0, 0.0, 0.0, 0.0, 0.0, 0.0, 0.0, 0.0, 0.0, 0.0, 0.0, 0.0, 0.0, 0.0, 0.0, 0.72000002861022949, 0.8399999737739563, 1.1699999570846558, 1.1299999952316284, 1.0900000333786011, 1.1799999475479126, 1.2799999713897705, 1.3999999761581421, 1.9600000381469727, 1.6000000238418579, 1.3700000047683716, 1.1499999761581421, 1.0199999809265137, 1.0399999618530273, 1.1200000047683716, 1.5099999904632568, 1.440000057220459, 1.2799999713897705, 1.0800000429153442, 1.2699999809265137, 1.1299999952316284, 1.6100000143051147, 1.4299999475479126, 1.3799999952316284, 1.4199999570846558, 1.2100000381469727, 1.75, 1.3300000429153442, 2.0399999618530273,
0.0, 0.0, 0.0, 0.0, 0.0, 0.0, 0.0, 0.0, 0.0, 0.0, 0.0, 0.0, 0.0, 0.0, 0.0, 0.0, 0.0, 0.0, 0.0, 0.0, 0.0, 0.0, 0.0, 0.0, 0.0, 0.0, 0.0, 0.0, 0.93999999761581421, 0.93000000715255737, 0.94999998807907104, 1.3799999952316284, 1.3600000143051147, 1.3200000524520874, 1.2799999713897705, 1.190000057220459, 1.5199999809265137, 1.7999999523162842, 1.3500000238418579, 1.1599999666213989, 1.1299999952316284, 1.1200000047683716, 1.1499999761581421, 1.2400000095367432, 1.309999942779541, 1.3600000143051147, 1.2300000190734863, 1.2100000381469727, 1.2999999523162842, 1.3500000238418579, 1.3999999761581421, 1.3700000047683716, 1.3500000238418579, 1.3500000238418579, 1.309999942779541, 1.6799999475479126, 1.4800000190734863, 2.0892000198364258,
0.0, 0.0, 0.0, 0.0, 0.0, 0.0, 0.0, 0.0, 0.0, 0.0, 0.0, 0.0, 0.0, 0.0, 0.0, 0.0, 0.0, 0.0, 0.0, 0.0, 0.0, 0.0, 0.0, 0.0, 0.0, 0.0, 0.0, 0.92000001668930054, 0.81999999284744263, 0.79000002145767212, 0.87999999523162842, 1.190000057220459, 1.2000000476837158, 1.2999999523162842, 1.1499999761581421, 1.059999942779541, 1.0299999713897705, 1.3200000524520874, 1.1599999666213989, 1.1299999952316284, 1.1000000238418579, 1.1699999570846558, 1.2100000381469727, 1.3300000429153442, 1.3500000238418579, 1.4199999570846558, 1.3799999952316284, 1.3400000333786011, 1.2200000286102295, 1.1699999570846558, 1.25, 1.2300000190734863, 1.3899999856948853, 1.3899999856948853, 1.4299999475479126, 1.7100000381469727, 1.6000000238418579, 1.916700005531311,
0.0, 0.0, 0.0, 0.0, 0.0, 0.0, 0.0, 0.0, 0.0, 0.0, 0.0, 0.0, 0.0, 0.0, 0.0, 0.0, 0.0, 0.0, 0.0, 0.0, 0.0, 0.0, 0.0, 0.0, 0.0, 0.0, 0.0, 0.81999999284744263, 0.86000001430511475, 0.80000001192092896, 0.80000001192092896, 0.98000001907348633, 0.77999997138977051, 1.0700000524520874, 1.0499999523162842, 1.1000000238418579, 0.95999997854232788, 1.1299999952316284, 1.059999942779541, 1.0399999618530273, 1.1299999952316284, 1.1599999666213989, 1.1499999761581421, 1.2400000095367432, 1.190000057220459, 1.1799999475479126, 1.2699999809265137, 1.0700000524520874, 1.0900000333786011, 1.190000057220459, 1.2100000381469727, 1.1699999570846558, 1.4800000190734863, 1.4500000476837158, 1.7100000381469727, 1.7899999618530273, 1.7999999523162842, 2.4342000484466553,
0.0, 0.0, 0.0, 0.0, 0.0, 0.0, 0.0, 0.0, 0.0, 0.0, 0.0, 0.0, 0.0, 0.0, 0.0, 0.0, 0.0, 0.0, 0.0, 0.0, 0.0, 0.0, 0.0, 0.0, 0.0, 0.0, 0.98000001907348633, 1.0800000429153442, 1.0399999618530273, 0.86000001430511475, 0.76999998092651367, 0.81999999284744263, 1.0199999809265137, 0.62999999523162842, 1.0399999618530273, 0.93999999761581421, 0.97000002861022949, 0.98000001907348633, 0.98000001907348633, 1.0399999618530273, 1.0700000524520874, 1.1000000238418579, 1.1599999666213989, 1.4600000381469727, 1.309999942779541, 1.2300000190734863, 1.1200000047683716, 1.1399999856948853, 1.5399999618530273, 1.5, 1.3600000143051147, 1.2799999713897705, 1.6299999952316284, 2.0299999713897705, 1.6799999475479126, 1.5399999618530273, 2.0, 2.7888000011444092,
0.0, 0.0, 0.0, 0.0, 0.0, 0.0, 0.0, 0.0, 0.0, 0.0, 0.0, 0.0, 0.0, 0.0, 0.0, 0.0, 0.0, 0.0, 0.0, 0.0, 0.0, 0.0, 0.0, 0.0, 0.0, 0.87000000476837158, 0.81999999284744263, 0.89999997615814209, 1.0199999809265137, 0.79000002145767212, 0.79000002145767212, 0.73000001907348633, 0.72000002861022949, 0.60000002384185791, 0.80000001192092896, 0.73000001907348633, 1.0, 0.99000000953674316, 0.98000001907348633, 1.059999942779541, 1.1299999952316284, 1.1499999761581421, 1.2200000286102295, 1.6200000047683716, 1.5499999523162842, 1.2899999618530273, 1.2100000381469727, 1.3899999856948853, 1.2400000095367432, 1.2699999809265137, 1.3600000143051147, 1.940000057220459, 2.059999942779541, 1.8200000524520874, 1.7599999904632568, 1.940000057220459, 2.7400000095367432, 3.6800000667572021,
0.0, 0.0, 0.0, 0.0, 0.0, 0.0, 0.0, 0.0, 0.0, 0.0, 0.0, 0.0, 0.0, 0.0, 0.0, 0.0, 0.0, 0.0, 0.0, 0.0, 0.0, 0.0, 0.0, 0.0, 0.0, 0.56000000238418579, 0.72000002861022949, 0.86000001430511475, 0.81999999284744263, 0.74000000953674316, 0.85000002384185791, 0.67000001668930054, 0.64999997615814209, 0.47999998927116394, 0.62000000476837158, 0.86000001430511475, 0.76999998092651367, 1.0499999523162842, 1.0399999618530273, 1.25, 1.2999999523162842, 1.3200000524520874, 1.690000057220459, 1.809999942779541, 1.6599999666213989, 1.440000057220459, 1.25, 1.5, 1.5199999809265137, 1.3899999856948853, 1.559999942779541, 2.119999885559082, 2.309999942779541, 2.1800000667572021, 2.0899999141693115, 2.4900000095367432, 3.0099999904632568, 3.9291999340057373,
0.0, 0.0, 0.0, 0.0, 0.0, 0.0, 0.0, 0.0, 0.0, 0.0, 0.0, 0.0, 0.0, 0.0, 0.0, 0.0, 0.0, 0.0, 0.0, 0.0, 0.0, 0.0, 0.0, 0.0, 0.0, 0.0, 0.64999997615814209, 0.85000002384185791, 0.70999997854232788, 0.67000001668930054, 0.64999997615814209, 0.68999999761581421, 0.61000001430511475, 0.5, 0.56999999284744263, 0.67000001668930054, 0.68999999761581421, 0.74000000953674316, 1.0800000429153442, 1.2999999523162842, 1.4299999475479126, 1.3899999856948853, 1.6299999952316284, 1.7400000095367432, 1.5900000333786011, 1.4800000190734863, 1.8600000143051147, 2.3599998950958252, 2.690000057220459, 2.2000000476837158, 2.190000057220459, 2.2699999809265137, 2.5899999141693115, 3.0799999237060547, 2.4600000381469727, 2.5299999713897705, 0.0, 0.0,
0.0, 0.0, 0.0, 0.0, 0.0, 0.0, 0.0, 0.0, 0.0, 0.0, 0.0, 0.0, 0.0, 0.0, 0.0, 0.0, 0.0, 0.0, 0.0, 0.0, 0.0, 0.0, 0.0, 0.0, 0.0, 0.0, 0.70999997854232788, 0.62999999523162842, 0.72000002861022949, 0.68999999761581421, 0.6600000262260437, 0.62000000476837158, 0.6600000262260437, 0.72000002861022949, 0.57999998331069946, 0.61000001430511475, 0.62999999523162842, 0.67000001668930054, 1.0099999904632568, 1.1599999666213989, 1.309999942779541, 1.3300000429153442, 1.3899999856948853, 1.5700000524520874, 1.5, 1.6299999952316284, 2.559999942779541, 3.7000000476837158, 3.6600000858306885, 3.0299999713897705, 2.7699999809265137, 2.440000057220459, 3.119999885559082, 3.1400001049041748, 2.5199999809265137, 0.0, 0.0, 0.0,
0.0, 0.0, 0.0, 0.0, 0.0, 0.0, 0.0, 0.0, 0.0, 0.0, 0.0, 0.0, 0.0, 0.0, 0.0, 0.0, 0.0, 0.0, 0.0, 0.0, 0.0, 0.0, 0.0, 0.0, 0.0, 0.0, 0.0, 0.51999998092651367, 0.6600000262260437, 0.6600000262260437, 0.75999999046325684, 0.62000000476837158, 0.5899999737739563, 0.77999997138977051, 0.64999997615814209, 0.56000000238418579, 0.49000000953674316, 0.63999998569488525, 0.8399999737739563, 0.93999999761581421, 0.0, 1.1000000238418579, 1.2100000381469727, 1.3700000047683716, 1.2599999904632568, 1.5700000524520874, 2.5099999904632568, 3.559999942779541, 2.9500000476837158, 2.5499999523162842, 2.5399999618530273, 2.809999942779541, 2.8299999237060547, 3.4200000762939453, 0.0, 0.0, 0.0, 0.0,
