MRPI/JupyterNotebooks/sm.asc
NCOLS 310
NROWS 350
XLLCORNER -124.84375
YLLCORNER 31.15625
CELLSIZE 0.0625
NODATA_VALUE = -9999
[rows 200 to 219 of 350, columns 90 to 134 of 310]
22.653900146484375, 24.539800643920898, 26.427099227905273, 24.916400909423828, 24.557899475097656, 22.710199356079102, 20.080600738525391, 18.969699859619141, 19.768999099731445, 19.642900466918945, 21.73069953918457, 22.420200347900391, 20.177600860595703, 20.489599227905273, 20.43950080871582, 19.165199279785156, 20.009199142456055, 20.347700119018555, 18.617099761962891, 18.776800155639648, 19.608699798583984, 17.912500381469727, 18.184999465942383, 19.718099594116211, 20.097600936889648, 19.129899978637695, 20.179000854492188, 20.048299789428711, 19.714799880981445, 19.13599967956543, 19.972000122070312, 20.126899719238281, 18.518499374389648, 17.803400039672852, 15.453800201416016, 14.23639965057373, 12.801199913024902, 11.821100234985352, 11.194999694824219, 11.162799835205078, 10.849200248718262, 7.2265000343322754, 9.8502998352050781, 9.2765998840332031, 9.1822996139526367,
21.635799407958984, 24.335699081420898, 26.195999145507812, 26.811700820922852, 22.112300872802734, 19.620100021362305, 16.096799850463867, 15.581500053405762, 17.486700057983398, 18.906999588012695, 21.196599960327148, 21.740699768066406, 19.308200836181641, 19.326499938964844, 19.900899887084961, 18.794500350952148, 18.663200378417969, 19.023399353027344, 17.907600402832031, 18.032400131225586, 19.167400360107422, 18.461700439453125, 18.277200698852539, 19.195499420166016, 19.67650032043457, 18.79210090637207, 19.21150016784668, 19.455099105834961, 19.577600479125977, 19.459400177001953, 19.471599578857422, 19.268600463867188, 17.898799896240234, 16.787200927734375, 14.312700271606445, 13.19279956817627, 12.598799705505371, 11.357700347900391, 11.975000381469727, 12.043899536132812, 10.646499633789062, 10.786199569702148, 9.9739999771118164, 9.2691001892089844, 9.1230001449584961,
23.136499404907227, 24.773099899291992, 26.144500732421875, 25.598199844360352, 24.877300262451172, 23.138399124145508, 21.80620002746582, 21.285900115966797, 18.769800186157227, 19.619400024414062, 20.784799575805664, 21.056600570678711, 18.91200065612793, 19.492599487304688, 20.646099090576172, 20.974599838256836, 19.708999633789062, 19.180999755859375, 18.394800186157227, 17.81410026550293, 16.095500946044922, 15.771599769592285, 17.964500427246094, 17.932699203491211, 16.732999801635742, 16.197900772094727, 15.796999931335449, 15.279399871826172, 15.710399627685547, 15.981900215148926, 17.616300582885742, 16.548799514770508, 15.770000457763672, 15.080699920654297, 14.74530029296875, 13.938599586486816, 12.796999931335449, 12.55370044708252, 13.151900291442871, 13.586999893188477, 11.05840015411377, 11.05620002746582, 11.462800025939941, 10.651100158691406, 10.369999885559082,
22.313499450683594, 22.606199264526367, 22.992599487304688, 22.4468994140625, 22.19059944152832, 21.598699569702148, 21.364599227905273, 21.434000015258789, 20.364200592041016, 21.839000701904297, 21.071100234985352, 20.777000427246094, 20.475200653076172, 18.765600204467773, 20.955900192260742, 20.997299194335938, 18.870199203491211, 18.205999374389648, 18.451299667358398, 16.855400085449219, 16.363700866699219, 16.170299530029297, 17.751100540161133, 18.463399887084961, 16.782600402832031, 15.176400184631348, 14.750200271606445, 14.847599983215332, 14.691100120544434, 14.758399963378906, 15.874799728393555, 15.494000434875488, 14.781299591064453, 14.353599548339844, 13.969699859619141, 12.578499794006348, 11.92389965057373, 12.725600242614746, 14.125399589538574, 14.489700317382812, 13.630000114440918, 11.30150032043457, 11.741800308227539, 11.421500205993652, 11.887200355529785,
21.748100280761719, 22.040899276733398, 22.015600204467773, 21.880500793457031, 21.335800170898438, 21.338399887084961, 21.5447998046875, 22.085100173950195, 21.623600006103516, 23.864799499511719, 23.040700912475586, 21.380500793457031, 24.194900512695312, 24.218399047851562, 22.969100952148438, 20.748699188232422, 18.77039909362793, 18.771799087524414, 21.532899856567383, 21.310600280761719, 19.803400039672852, 17.251399993896484, 17.909700393676758, 18.789800643920898, 16.392000198364258, 16.612800598144531, 13.781100273132324, 13.340499877929688, 12.864299774169922, 12.905599594116211, 13.94849967956543, 13.797200202941895, 15.110600471496582, 14.429300308227539, 14.246899604797363, 13.038399696350098, 10.89169979095459, 11.83489990234375, 13.523599624633789, 14.506400108337402, 13.77239990234375, 11.206999778747559, 11.836600303649902, 11.965700149536133, 12.934700012207031,
21.184600830078125, 20.947500228881836, 20.964700698852539, 20.967500686645508, 21.136999130249023, 21.448999404907227, 21.381999969482422, 22.076799392700195, 22.715299606323242, 23.872600555419922, 22.874700546264648, 21.927600860595703, 22.084100723266602, 21.853300094604492, 19.965099334716797, 20.285400390625, 17.796300888061523, 17.753200531005859, 20.755300521850586, 19.876300811767578, 18.464300155639648, 17.773799896240234, 18.639999389648438, 17.256599426269531, 14.839699745178223, 14.635800361633301, 13.574899673461914, 13.649200439453125, 13.415200233459473, 12.647000312805176, 14.125200271606445, 14.05109977722168, 16.464799880981445, 16.330299377441406, 15.970100402832031, 15.526300430297852, 12.970199584960938, 11.342100143432617, 14.224900245666504, 14.69629955291748, 14.060299873352051, 11.614399909973145, 14.634400367736816, 14.473299980163574, 13.599699974060059,
22.270000457763672, 21.622499465942383, 21.350799560546875, 21.328100204467773, 21.716699600219727, 21.314399719238281, 21.276899337768555, 21.583000183105469, 21.975200653076172, 22.274200439453125, 22.287300109863281, 22.408000946044922, 22.643999099731445, 22.794200897216797, 20.870399475097656, 21.521200180053711, 21.311599731445312, 20.107799530029297, 19.458599090576172, 18.305099487304688, 17.018100738525391, 17.518199920654297, 16.274999618530273, 16.987100601196289, 17.638799667358398, 16.904499053955078, 16.236000061035156, 15.649600028991699, 15.933899879455566, 15.176699638366699, 14.708600044250488, 15.052499771118164, 15.734299659729004, 15.450499534606934, 15.025799751281738, 14.194399833679199, 10.541999816894531, 10.407299995422363, 13.338800430297852, 13.818599700927734, 15.466899871826172, 14.508199691772461, 15.034500122070312, 14.649999618530273, 15.232600212097168,
22.291999816894531, 21.66200065612793, 21.38960075378418, 21.60059928894043, 21.245599746704102, 21.251499176025391, 21.236600875854492, 21.231500625610352, 21.010299682617188, 21.044399261474609, 21.278499603271484, 21.319599151611328, 21.474700927734375, 22.17919921875, 20.902599334716797, 21.171499252319336, 21.681800842285156, 22.477800369262695, 19.3031005859375, 19.345600128173828, 17.730600357055664, 17.850700378417969, 16.861299514770508, 16.733800888061523, 17.18079948425293, 17.021299362182617, 16.354499816894531, 15.704299926757812, 15.336400032043457, 16.125400543212891, 15.596500396728516, 15.867799758911133, 16.05419921875, 15.54170036315918, 14.718600273132324, 14.008099555969238, 11.876700401306152, 10.00160026550293, 12.84160041809082, 13.816300392150879, 13.60420036315918, 13.214799880981445, 14.852499961853027, 15.349200248718262, 18.146999359130859,
21.409299850463867, 21.288299560546875, 21.625699996948242, 21.889400482177734, 21.912799835205078, 21.547199249267578, 21.536500930786133, 21.364200592041016, 21.311399459838867, 21.329599380493164, 21.730400085449219, 21.526399612426758, 21.361200332641602, 21.486400604248047, 20.002099990844727, 21.091100692749023, 22.623199462890625, 23.987899780273438, 22.603099822998047, 22.229099273681641, 19.335100173950195, 19.321500778198242, 19.167400360107422, 18.969499588012695, 19.144399642944336, 19.078300476074219, 17.360799789428711, 16.787300109863281, 16.371099472045898, 15.866999626159668, 15.918700218200684, 16.157400131225586, 15.564599990844727, 14.732199668884277, 14.100199699401855, 13.909199714660645, 13.104700088500977, 12.630499839782715, 12.969499588012695, 12.764599800109863, 13.962499618530273, 13.809700012207031, 15.529999732971191, 16.475500106811523, 18.105400085449219,
21.184999465942383, 21.231599807739258, 21.40570068359375, 21.676900863647461, 21.993900299072266, 22.006200790405273, 21.723300933837891, 21.240800857543945, 21.370899200439453, 21.031600952148438, 21.28380012512207, 21.09119987487793, 21.304500579833984, 21.122800827026367, 19.745800018310547, 19.214199066162109, 20.580600738525391, 22.519899368286133, 20.291400909423828, 22.070199966430664, 19.659000396728516, 18.437999725341797, 19.472400665283203, 19.424200057983398, 19.792900085449219, 19.37660026550293, 17.818300247192383, 17.115299224853516, 16.548299789428711, 15.681300163269043, 16.1781005859375, 16.079599380493164, 15.327699661254883, 14.60200023651123, 14.050999641418457, 13.95359992980957, 11.757499694824219, 14.70110034942627, 13.76039981842041, 12.986100196838379, 13.998200416564941, 14.115500450134277, 16.842199325561523, 17.371599197387695, 17.784700393676758,
20.999599456787109, 21.152900695800781, 20.720100402832031, 21.34320068359375, 22.817600250244141, 22.912700653076172, 21.61039924621582, 20.799800872802734, 21.57080078125, 21.50309944152832, 21.097400665283203, 21.035800933837891, 21.767200469970703, 21.777099609375, 21.566499710083008, 21.703399658203125, 21.315099716186523, 21.251699447631836, 17.988000869750977, 20.177700042724609, 18.205699920654297, 17.964799880981445, 18.574499130249023, 18.687599182128906, 18.441799163818359, 18.363700866699219, 17.605400085449219, 17.213699340820312, 18.670099258422852, 18.051799774169922, 16.898399353027344, 17.029800415039062, 16.419200897216797, 15.535900115966797, 15.177700042724609, 16.221399307250977, 17.627500534057617, 17.576099395751953, 15.151000022888184, 14.415200233459473, 17.196300506591797, 17.487899780273438, 18.473699569702148, 19.032699584960938, 17.280799865722656,
24.02440071105957, 24.301799774169922, 24.046499252319336, 24.545600891113281, 25.246099472045898, 24.830400466918945, 23.877399444580078, 23.328100204467773, 24.175300598144531, 23.698600769042969, 22.588100433349609, 21.81450080871582, 21.400800704956055, 21.816999435424805, 21.676799774169922, 22.25670051574707, 22.417999267578125, 23.672300338745117, 21.124799728393555, 20.440999984741211, 18.583599090576172, 18.716100692749023, 18.557199478149414, 18.83180046081543, 18.626499176025391, 18.353900909423828, 17.924400329589844, 17.840400695800781, 19.187299728393555, 18.767999649047852, 17.727300643920898, 17.848899841308594, 16.939399719238281, 16.287599563598633, 15.511699676513672, 15.051699638366699, 17.402799606323242, 17.218900680541992, 16.347999572753906, 15.335300445556641, 17.706499099731445, 18.051200866699219, 18.342599868774414, 18.040500640869141, 18.96619987487793,
28.04680061340332, 28.526399612426758, 28.24799919128418, 28.645000457763672, 28.515199661254883, 28.218299865722656, 28.066400527954102, 28.089300155639648, 28.239999771118164, 26.852899551391602, 23.729499816894531, 21.281000137329102, 21.768800735473633, 21.803699493408203, 20.550500869750977, 22.793100357055664, 23.11669921875, 21.926000595092773, 22.437799453735352, 20.798000335693359, 17.643699645996094, 20.31089973449707, 19.172700881958008, 19.222099304199219, 19.63599967956543, 16.98069953918457, 17.131999969482422, 17.721500396728516, 19.263700485229492, 18.46190071105957, 18.760499954223633, 18.052200317382812, 18.854400634765625, 18.585800170898438, 22.132600784301758, 22.293300628662109, 22.038900375366211, 19.382900238037109, 16.955999374389648, 16.034500122070312, 16.369400024414062, 15.505599975585938, 15.014399528503418, 15.277500152587891, 16.105300903320312,
26.436899185180664, 25.620500564575195, 26.531499862670898, 27.805500030517578, 27.365699768066406, 27.409200668334961, 27.492099761962891, 27.400400161743164, 26.377199172973633, 26.698200225830078, 23.398599624633789, 21.26140022277832, 21.763500213623047, 21.715599060058594, 20.54319953918457, 22.479099273681641, 24.135700225830078, 22.783500671386719, 24.113399505615234, 23.280300140380859, 22.650100708007812, 20.840200424194336, 16.800899505615234, 18.851999282836914, 18.907699584960938, 18.139299392700195, 16.6343994140625, 17.151100158691406, 16.311500549316406, 15.389499664306641, 18.992399215698242, 18.672399520874023, 19.668399810791016, 17.914600372314453, 22.466699600219727, 22.273700714111328, 22.012899398803711, 22.138099670410156, 17.464899063110352, 17.957300186157227, 16.35890007019043, 16.259300231933594, 13.617899894714355, 14.488400459289551, 15.943400382995605,
23.040599822998047, 22.940399169921875, 23.481300354003906, 23.166400909423828, 23.204700469970703, 23.223699569702148, 23.42970085144043, 23.399499893188477, 23.959199905395508, 23.397600173950195, 22.168800354003906, 21.454999923706055, 21.224199295043945, 21.104499816894531, 20.092300415039062, 20.527700424194336, 19.748800277709961, 21.44379997253418, 22.527999877929688, 21.933700561523438, 22.274299621582031, 21.360300064086914, 20.363199234008789, 21.35460090637207, 19.563699722290039, 20.976400375366211, 20.015399932861328, 18.595500946044922, 16.052799224853516, 16.152700424194336, 22.793800354003906, 19.920000076293945, 21.721700668334961, 21.675300598144531, 24.761499404907227, 23.492799758911133, 23.804899215698242, 23.575099945068359, 20.20359992980957, 17.433200836181641, 16.466499328613281, 15.783499717712402, 15.60420036315918, 15.394399642944336, 16.245500564575195,
21.222700119018555, 21.653299331665039, 22.821599960327148, 22.702199935913086, 21.247200012207031, 20.328800201416016, 20.607999801635742, 20.805900573730469, 21.42140007019043, 21.344100952148438, 21.426799774169922, 21.412599563598633, 21.273300170898438, 21.007499694824219, 19.700700759887695, 19.701900482177734, 18.298299789428711, 18.306600570678711, 19.403600692749023, 19.311599731445312, 21.464000701904297, 21.490499496459961, 21.067699432373047, 21.762800216674805, 18.248600006103516, 18.529699325561523, 19.101800918579102, 19.460100173950195, 17.846799850463867, 17.534400939941406, 23.18910026550293, 20.331699371337891, 17.509700775146484, 17.310800552368164, 24.359800338745117, 24.196399688720703, 22.886199951171875, 22.839000701904297, 17.018100738525391, 19.646699905395508, 15.962599754333496, 15.76710033416748, 16.473699569702148, 15.445199966430664, 16.061599731445312,
21.060400009155273, 23.04789924621582, 26.682699203491211, 26.552400588989258, 23.023000717163086, 20.637699127197266, 19.795900344848633, 19.732500076293945, 21.3302001953125, 21.324300765991211, 21.591299057006836, 21.576900482177734, 21.167900085449219, 20.820100784301758, 20.11829948425293, 20.375200271606445, 20.635799407958984, 20.833400726318359, 20.849399566650391, 20.526800155639648, 20.495899200439453, 22.182300567626953, 21.176700592041016, 21.509199142456055, 20.917200088500977, 20.137500762939453, 19.183000564575195, 19.052200317382812, 21.557500839233398, 21.035299301147461, 22.252099990844727, 23.419599533081055, 21.530500411987305, 19.953100204467773, 21.852199554443359, 21.092500686645508, 24.292299270629883, 21.964500427246094, 20.226100921630859, 22.571699142456055, 22.485799789428711, 21.971200942993164, 18.714199066162109, 18.031200408935547, 18.033199310302734,
23.729099273681641, 25.821699142456055, 29.141300201416016, 28.678499221801758, 25.388999938964844, 22.73900032043457, 20.182699203491211, 19.35569953918457, 21.138999938964844, 21.197999954223633, 21.587799072265625, 21.603300094604492, 20.859699249267578, 20.495599746704102, 19.829700469970703, 20.119699478149414, 20.396200180053711, 20.848400115966797, 20.791799545288086, 20.571500778198242, 20.049100875854492, 21.047399520874023, 21.350099563598633, 21.188999176025391, 20.951799392700195, 20.68549919128418, 19.527500152587891, 19.483699798583984, 21.567499160766602, 21.047300338745117, 21.527500152587891, 22.433099746704102, 22.609100341796875, 18.800899505615234, 20.288900375366211, 21.036500930786133, 23.951000213623047, 23.942699432373047, 22.185699462890625, 18.42609977722168, 20.196599960327148, 19.432899475097656, 18.026100158691406, 17.266300201416016, 18.730499267578125,
28.382999420166016, 28.349800109863281, 29.434000015258789, 28.83289909362793, 27.566400527954102, 25.705400466918945, 23.180900573730469, 21.042200088500977, 21.870700836181641, 21.911500930786133, 21.466800689697266, 21.36669921875, 20.924699783325195, 21.034599304199219, 21.481599807739258, 21.460599899291992, 21.40049934387207, 20.318500518798828, 20.414499282836914, 20.819299697875977, 19.329999923706055, 20.462699890136719, 17.596500396728516, 19.241199493408203, 20.493600845336914, 20.498300552368164, 20.156000137329102, 20.009300231933594, 21.632999420166016, 21.266000747680664, 21.072799682617188, 20.298799514770508, 18.157800674438477, 16.239200592041016, 15.962300300598145, 17.418600082397461, 17.824499130249023, 17.024099349975586, 22.895999908447266, 23.149999618530273, 23.268600463867188, 23.561800003051758, 20.49530029296875, 22.199199676513672, 22.620199203491211,
29.773099899291992, 29.110500335693359, 27.912300109863281, 26.542200088500977, 26.688100814819336, 24.410699844360352, 23.139299392700195, 20.904800415039062, 21.812599182128906, 21.901500701904297, 21.289400100708008, 21.249599456787109, 21.045600891113281, 21.188199996948242, 21.406000137329102, 21.501699447631836, 20.069999694824219, 20.465200424194336, 21.396200180053711, 20.843599319458008, 21.643100738525391, 21.51140022277832, 21.064699172973633, 21.045600891113281, 20.739900588989258, 20.288000106811523, 20.14579963684082, 19.906700134277344, 21.514400482177734, 21.086599349975586, 20.002199172973633, 20.52440071105957, 18.529800415039062, 16.611799240112305, 19.793500900268555, 19.258100509643555, 17.17289924621582, 15.17710018157959, 22.714599609375, 23.031200408935547, 23.945600509643555, 23.531400680541992, 22.927999496459961, 23.936000823974609, 22.88129997253418,
