MRPI/JupyterNotebooks/sm.asc
NCOLS 310
NROWS 350
XLLCORNER -124.84375
YLLCORNER 31.15625
CELLSIZE 0.0625
NODATA_VALUE = -9999
[rows 100 to 119 of 350, columns 135 to 179 of 310]
11.78339958190918, 16.42289924621582, 15.760100364685059, 15.749099731445312, 19.446800231933594, 19.696599960327148, 20.674200057983398, 19.520500183105469, 18.880800247192383, 18.916200637817383, 18.757499694824219, 17.965599060058594, 18.856100082397461, 18.931400299072266, 10.07129955291748, 16.372699737548828, 18.922000885009766, 18.905300140380859, 17.829599380493164, 16.673999786376953, 16.463899612426758, 18.385200500488281, 19.589599609375, 19.155000686645508, 18.064899444580078, 18.912599563598633, 18.962499618530273, 17.491399765014648, 17.52440071105957, 20.534799575805664, 21.411300659179688, 18.410800933837891, 17.036899566650391, 17.232900619506836, 17.119300842285156, 16.923700332641602, 16.894699096679688, 16.742900848388672, 16.548999786376953, 16.873300552368164, 17.460899353027344, 17.991300582885742, 18.079900741577148, 17.820199966430664, 19.172399520874023,
3.8382000923156738, 8.4874000549316406, 15.958999633789062, 7.5262999534606934, 18.255599975585938, 19.670900344848633, 19.597799301147461, 19.646099090576172, 18.875600814819336, 18.950599670410156, 19.038000106811523, 18.878400802612305, 19.534900665283203, 15.82919979095459, 14.823300361633301, 17.581499099731445, 18.40679931640625, 17.651599884033203, 16.881599426269531, 15.790499687194824, 16.330600738525391, 17.413700103759766, 18.156000137329102, 18.856100082397461, 18.906499862670898, 18.92650032043457, 19.165199279785156, 18.538400650024414, 18.618099212646484, 21.068700790405273, 20.875699996948242, 18.433000564575195, 17.385200500488281, 18.390100479125977, 18.831300735473633, 18.766199111938477, 18.846700668334961, 17.434900283813477, 17.206100463867188, 18.183000564575195, 18.888700485229492, 18.596900939941406, 18.67970085144043, 18.747100830078125, 19.381999969482422,
3.2767000198364258, 10.190299987792969, 15.295299530029297, 2.0144000053405762, 5.4235000610351562, 19.70210075378418, 18.857700347900391, 19.204700469970703, 18.965000152587891, 18.975299835205078, 19.154600143432617, 20.784000396728516, 21.227899551391602, 19.642999649047852, 18.951999664306641, 18.972000122070312, 16.996599197387695, 16.387500762939453, 16.168100357055664, 16.176300048828125, 16.618600845336914, 18.388399124145508, 18.70210075378418, 18.914699554443359, 18.92340087890625, 18.938499450683594, 19.537099838256836, 19.234699249267578, 20.42449951171875, 22.283500671386719, 21.290899276733398, 18.785100936889648, 18.542999267578125, 20.319799423217773, 21.504199981689453, 21.63330078125, 20.802499771118164, 18.667900085449219, 18.181299209594727, 20.026100158691406, 20.891300201416016, 21.11669921875, 21.009199142456055, 21.447299957275391, 21.515800476074219,
5.407599925994873, 13.526200294494629, 11.574399948120117, 2.1240999698638916, 4.2232999801635742, 19.057899475097656, 16.408500671386719, 15.806699752807617, 14.384599685668945, 18.962499618530273, 19.68440055847168, 20.089000701904297, 21.593099594116211, 20.424600601196289, 19.867799758911133, 19.906999588012695, 17.974199295043945, 17.009300231933594, 16.863899230957031, 17.510499954223633, 17.945600509643555, 13.949799537658691, 18.923500061035156, 18.92289924621582, 18.927600860595703, 18.929800033569336, 19.923099517822266, 21.717599868774414, 22.238100051879883, 21.804100036621094, 21.063400268554688, 19.514400482177734, 19.514200210571289, 20.750999450683594, 21.31879997253418, 21.039100646972656, 20.493799209594727, 18.715200424194336, 18.786500930786133, 21.33650016784668, 22.477899551391602, 22.488399505615234, 23.084999084472656, 22.760700225830078, 22.370399475097656,
15.199399948120117, 18.802000045776367, 18.94379997253418, 5.9442000389099121, 6.3306999206542969, 19.031299591064453, 15.639499664306641, 15.233400344848633, 8.8058996200561523, 18.523799896240234, 16.585300445556641, 15.160300254821777, 20.51609992980957, 21.498100280761719, 21.579999923706055, 21.282199859619141, 20.193000793457031, 19.038000106811523, 19.336000442504883, 18.934700012207031, 18.903400421142578, 17.114999771118164, 18.923299789428711, 18.865499496459961, 18.775600433349609, 18.920600891113281, 19.878000259399414, 22.111200332641602, 22.339000701904297, 20.62809944152832, 19.562099456787109, 18.821399688720703, 18.347299575805664, 19.435400009155273, 18.456300735473633, 18.092199325561523, 17.832500457763672, 18.391799926757812, 18.852899551391602, 21.180999755859375, 22.089300155639648, 22.246000289916992, 22.833700180053711, 23.112300872802734, 21.480199813842773,
16.079999923706055, 17.674100875854492, 17.422100067138672, 14.768799781799316, 12.68340015411377, 18.877599716186523, 19.111700057983398, 19.700000762939453, 13.977299690246582, 13.007100105285645, 6.2157001495361328, 8.6485996246337891, 19.199399948120117, 21.597200393676758, 22.371500015258789, 22.850700378417969, 22.875499725341797, 22.082500457763672, 21.3927001953125, 20.365100860595703, 17.708000183105469, 19.917400360107422, 19.731300354003906, 19.241500854492188, 18.909400939941406, 18.911199569702148, 10.786899566650391, 19.729099273681641, 21.525800704956055, 20.063199996948242, 18.922000885009766, 18.74370002746582, 17.534299850463867, 18.13599967956543, 18.472299575805664, 17.489200592041016, 17.322299957275391, 17.981399536132812, 19.461200714111328, 20.208900451660156, 21.373199462890625, 21.124700546264648, 21.339500427246094, 22.086599349975586, 20.667400360107422,
17.040500640869141, 18.487400054931641, 15.067000389099121, 13.004799842834473, 11.088500022888184, 7.425300121307373, 13.597200393676758, 16.046499252319336, 21.249799728393555, 19.646799087524414, 18.508499145507812, 10.172300338745117, 15.199199676513672, 20.427200317382812, 20.724599838256836, 22.437099456787109, 22.40049934387207, 20.633499145507812, 20.382699966430664, 21.370899200439453, 22.086099624633789, 20.097999572753906, 21.231399536132812, 19.785499572753906, 18.840299606323242, 16.75, 5.1831998825073242, 18.051399230957031, 20.418100357055664, 21.534200668334961, 21.225000381469727, 17.853799819946289, 18.053300857543945, 18.635700225830078, 18.991199493408203, 18.360099792480469, 17.028999328613281, 16.954399108886719, 18.688600540161133, 19.559999465942383, 19.860000610351562, 19.403499603271484, 18.976100921630859, 20.136899948120117, 20.104999542236328,
19.328899383544922, 17.828699111938477, 13.045700073242188, 14.487600326538086, 16.90519905090332, 14.840700149536133, 11.894599914550781, 18.385000228881836, 21.391599655151367, 20.369400024414062, 20.374099731445312, 19.40679931640625, 19.728500366210938, 19.801900863647461, 19.982700347900391, 22.000299453735352, 22.113700866699219, 13.876500129699707, 7.9678001403808594, 19.427799224853516, 22.219499588012695, 22.50469970703125, 22.433599472045898, 20.73430061340332, 19.818500518798828, 19.422000885009766, 6.4289999008178711, 19.008399963378906, 19.919000625610352, 21.321500778198242, 21.52910041809082, 19.900800704956055, 18.818199157714844, 18.749700546264648, 18.893899917602539, 18.910900115966797, 18.147300720214844, 17.86039924621582, 18.479299545288086, 18.723100662231445, 19.23539924621582, 19.094600677490234, 19.062200546264648, 18.203399658203125, 17.315399169921875,
19.977500915527344, 16.621000289916992, 12.00879955291748, 12.88129997253418, 18.675699234008789, 15.345600128173828, 11.640500068664551, 13.229999542236328, 20.418600082397461, 21.189800262451172, 21.534000396728516, 20.430900573730469, 19.737899780273438, 19.219499588012695, 19.923099517822266, 22.1343994140625, 22.37030029296875, 10.766200065612793, 4.6012001037597656, 18.123800277709961, 23.155599594116211, 22.913900375366211, 22.563999176025391, 22.462099075317383, 21.688100814819336, 20.492399215698242, 9.7904996871948242, 16.731800079345703, 19.876100540161133, 20.500200271606445, 20.064800262451172, 19.603900909423828, 18.631900787353516, 18.981199264526367, 18.389999389648438, 18.74370002746582, 19.338800430297852, 19.774599075317383, 20.352199554443359, 20.09320068359375, 19.601800918579102, 19.165399551391602, 18.932699203491211, 19.200899124145508, 19.178499221801758,
18.701000213623047, 12.1697998046875, 11.602800369262695, 11.89579963684082, 15.016300201416016, 11.367300033569336, 7.5897002220153809, 3.9677999019622803, 15.941800117492676, 20.876699447631836, 21.481100082397461, 20.412900924682617, 19.678699493408203, 19.16349983215332, 18.646799087524414, 18.767900466918945, 19.572000503540039, 9.8909997940063477, 4.2407999038696289, 16.119499206542969, 22.411199569702148, 21.661100387573242, 22.445899963378906, 22.195899963378906, 22.967300415039062, 21.730400085449219, 12.804300308227539, 15.72029972076416, 19.685199737548828, 19.846700668334961, 19.707700729370117, 19.456100463867188, 19.024999618530273, 19.50779914855957, 19.799100875854492, 19.421100616455078, 19.609100341796875, 20.988700866699219, 21.580799102783203, 20.741800308227539, 20.020599365234375, 18.967599868774414, 18.694299697875977, 19.505500793457031, 19.763900756835938,
18.414400100708008, 11.924900054931641, 7.9555997848510742, 10.43910026550293, 13.599100112915039, 12.036499977111816, 4.105100154876709, 3.5202000141143799, 15.900400161743164, 20.947200775146484, 21.542400360107422, 21.246299743652344, 20.555900573730469, 19.658599853515625, 19.146200180053711, 19.593500137329102, 16.102199554443359, 12.536700248718262, 3.9755001068115234, 12.407299995422363, 20.773099899291992, 22.391799926757812, 23.257900238037109, 21.750900268554688, 21.846900939941406, 22.898799896240234, 20.482799530029297, 19.832399368286133, 19.133899688720703, 18.261100769042969, 18.479099273681641, 19.002300262451172, 19.769199371337891, 21.266199111938477, 20.868499755859375, 19.994300842285156, 20.614900588989258, 21.474000930786133, 20.547000885009766, 18.94420051574707, 20.124000549316406, 20.597600936889648, 20.264200210571289, 20.85420036315918, 20.854900360107422,
16.81410026550293, 12.00469970703125, 6.0194001197814941, 11.889399528503418, 11.585700035095215, 8.6284999847412109, 1.2626999616622925, 6.3078999519348145, 19.496099472045898, 21.155799865722656, 21.084699630737305, 22.089500427246094, 20.958999633789062, 19.666099548339844, 19.516700744628906, 19.207300186157227, 16.818599700927734, 17.927600860595703, 8.6897001266479492, 17.657499313354492, 19.966299057006836, 22.175699234008789, 22.454999923706055, 23.522600173950195, 23.459699630737305, 23.488399505615234, 22.446800231933594, 20.809999465942383, 19.748800277709961, 18.342399597167969, 18.968700408935547, 19.070499420166016, 20.010200500488281, 20.622600555419922, 21.244800567626953, 20.403999328613281, 20.91309928894043, 21.741300582885742, 20.249799728393555, 18.338899612426758, 19.25670051574707, 20.982999801635742, 21.75779914855957, 20.952199935913086, 20.71769905090332,
14.670299530029297, 8.773900032043457, 6.0922999382019043, 7.3555002212524414, 5.5096001625061035, 2.619999885559082, 0.91070002317428589, 1.2244999408721924, 12.786800384521484, 19.035200119018555, 20.213499069213867, 21.041500091552734, 21.636100769042969, 21.01930046081543, 20.795099258422852, 19.61199951171875, 16.243000030517578, 18.973699569702148, 17.446699142456055, 18.942399978637695, 19.958099365234375, 18.33799934387207, 23.546300888061523, 23.575099945068359, 23.447599411010742, 23.516000747680664, 23.157499313354492, 22.161600112915039, 20.164100646972656, 19.618400573730469, 19.083000183105469, 18.998699188232422, 18.865800857543945, 20.580799102783203, 20.719999313354492, 18.995700836181641, 19.352399826049805, 20.716899871826172, 20.150400161743164, 18.410100936889648, 19.016599655151367, 21.326400756835938, 21.108200073242188, 19.856300354003906, 19.833799362182617,
15.438799858093262, 7.1964998245239258, 2.2300000190734863, 4.0475001335144043, 7.0840001106262207, 9.5461997985839844, 8.4175996780395508, 2.660099983215332, 1.9435000419616699, 3.2372000217437744, 11.34220027923584, 20.93120002746582, 21.33489990234375, 21.95319938659668, 21.688699722290039, 19.64739990234375, 19.892299652099609, 18.812200546264648, 19.799900054931641, 18.465799331665039, 20.291200637817383, 21.55470085144043, 21.234899520874023, 23.550500869750977, 23.363399505615234, 22.960699081420898, 23.531400680541992, 23.466899871826172, 20.694400787353516, 19.230800628662109, 19.26460075378418, 19.391399383544922, 19.229499816894531, 21.212699890136719, 20.641000747680664, 19.101499557495117, 19.282400131225586, 20.062200546264648, 19.013099670410156, 18.260000228881836, 18.430400848388672, 20.200799942016602, 20.241100311279297, 18.952600479125977, 19.873300552368164,
21.407499313354492, 13.254500389099121, 7.9716000556945801, 0.6590999960899353, 2.9593000411987305, 9.9820003509521484, 11.088399887084961, 10.37600040435791, 5.7653999328613281, 1.3907999992370605, 4.1223998069763184, 5.4444999694824219, 20.433500289916992, 22.561700820922852, 22.068300247192383, 20.464899063110352, 21.781099319458008, 20.760299682617188, 21.578699111938477, 17.400299072265625, 20.079200744628906, 22.677600860595703, 22.107799530029297, 23.612199783325195, 23.516500473022461, 23.10260009765625, 23.498500823974609, 23.47599983215332, 21.69890022277832, 19.156900405883789, 20.391599655151367, 20.714099884033203, 20.805200576782227, 21.374900817871094, 21.136199951171875, 20.73699951171875, 19.784200668334961, 18.533000946044922, 17.653900146484375, 18.035900115966797, 18.047700881958008, 18.489299774169922, 18.999799728393555, 16.137599945068359, 18.952899932861328,
20.060400009155273, 14.74940013885498, 8.1847000122070312, 0.94800001382827759, 5.451200008392334, 13.245800018310547, 11.964400291442871, 15.87660026550293, 8.8022003173828125, 1.2777999639511108, 1.2554999589920044, 1.6049000024795532, 7.1013998985290527, 16.60099983215332, 21.430099487304688, 21.769699096679688, 22.430999755859375, 23.497699737548828, 22.970800399780273, 18.556800842285156, 21.556900024414062, 22.379299163818359, 23.2677001953125, 23.026599884033203, 23.316299438476562, 18.339599609375, 21.889999389648438, 23.164499282836914, 21.900999069213867, 20.424100875854492, 19.882299423217773, 21.784400939941406, 21.657499313354492, 21.549200057983398, 22.232700347900391, 21.476900100708008, 21.616399765014648, 19.669200897216797, 18.018499374389648, 18.9375, 18.785900115966797, 18.981100082397461, 16.561199188232422, 14.597900390625, 18.17919921875,
21.130500793457031, 15.089900016784668, 9.7721996307373047, 4.0641999244689941, 14.762200355529785, 11.299699783325195, 10.064900398254395, 8.74530029296875, 7.9025001525878906, 4.8260998725891113, 1.2242000102996826, 1.4543999433517456, 1.6799999475479126, 3.8103001117706299, 17.027799606323242, 21.080999374389648, 22.178300857543945, 23.127199172973633, 22.587699890136719, 23.212200164794922, 21.789100646972656, 21.77869987487793, 21.839500427246094, 22.182600021362305, 22.619199752807617, 16.48390007019043, 21.04840087890625, 22.521099090576172, 21.756200790405273, 21.154600143432617, 19.8843994140625, 20.231100082397461, 20.45829963684082, 20.803800582885742, 21.54319953918457, 21.603399276733398, 20.425899505615234, 19.870800018310547, 19.790599822998047, 21.45050048828125, 21.418399810791016, 20.083900451660156, 18.617099761962891, 14.554300308227539, 14.075699806213379,
21.083099365234375, 16.259000778198242, 12.398500442504883, 10.47819995880127, 13.25, 12.140600204467773, 4.2238001823425293, 12.733400344848633, 13.061800003051758, 6.4341998100280762, 1.1484999656677246, 1.2019000053405762, 1.5420000553131104, 1.7714999914169312, 11.753399848937988, 22.027500152587891, 21.664699554443359, 21.908700942993164, 23.625699996948242, 23.832700729370117, 20.199600219726562, 22.011299133300781, 21.84630012512207, 22.612199783325195, 21.768899917602539, 21.815000534057617, 21.89940071105957, 22.204500198364258, 22.415899276733398, 17.09119987487793, 20.528900146484375, 19.896999359130859, 19.92289924621582, 20.763900756835938, 22.056600570678711, 22.146200180053711, 20.765300750732422, 20.757499694824219, 21.441499710083008, 22.610799789428711, 22.405500411987305, 22.231399536132812, 10.432999610900879, 9.7130002975463867, 11.899800300598145,
21.545000076293945, 19.385299682617188, 16.131099700927734, 14.54419994354248, 14.1875, 14.119899749755859, 3.7897000312805176, 16.229999542236328, 17.757499694824219, 11.158900260925293, 4.4425997734069824, 2.7186999320983887, 1.694100022315979, 1.7869000434875488, 12.956600189208984, 21.123800277709961, 22.437700271606445, 21.579700469970703, 23.301599502563477, 23.816600799560547, 19.092199325561523, 21.907400131225586, 23.24329948425293, 23.389799118041992, 21.927600860595703, 21.83489990234375, 22.895500183105469, 21.865999221801758, 22.858499526977539, 19.072999954223633, 21.190700531005859, 20.626899719238281, 20.459699630737305, 20.83180046081543, 21.302499771118164, 21.832000732421875, 14.716300010681152, 20.739700317382812, 23.285900115966797, 23.49169921875, 22.130500793457031, 21.801200866699219, 16.853399276733398, 8.4882001876831055, 8.6985998153686523,
21.407800674438477, 21.462499618530273, 21.34480094909668, 13.962900161743164, 12.469699859619141, 13.05620002746582, 7.6490001678466797, 20.576000213623047, 20.94219970703125, 16.968900680541992, 4.9509000778198242, 1.8423999547958374, 1.1793999671936035, 1.7841999530792236, 7.8365998268127441, 20.458400726318359, 23.305999755859375, 23.146200180053711, 23.454599380493164, 23.297199249267578, 23.211299896240234, 23.590000152587891, 23.630100250244141, 23.250400543212891, 22.075300216674805, 22.978700637817383, 23.726499557495117, 22.099899291992188, 22.450000762939453, 22.050800323486328, 22.148700714111328, 22.128599166870117, 21.538000106811523, 21.229499816894531, 21.264299392700195, 19.522899627685547, 21.522800445556641, 22.177900314331055, 24.324699401855469, 24.383899688720703, 23.931699752807617, 18.391700744628906, 14.585399627685547, 11.803199768066406, 12.274100303649902,
