MRPI/JupyterNotebooks/sm.asc
NCOLS 310
NROWS 350
XLLCORNER -124.90625
YLLCORNER 31.09375
CELLSIZE 0.0625
NODATA_VALUE = -9999
[rows 234 to 259 of 350, columns 0 to 57 of 310]
.0, 0.0, 0.0, 0.0, 0.0, 0.0, 0.0, 0.0, 0.0, 0.0, 0.0, 0.0, 0.0, 0.0, 3.6400001049041748, 3.630000114440918, 3.1700000762939453, 3.119999885559082, 3.4300000667572021, 3.380000114440918, 4.0399999618530273, 4.130000114440918, 2.8299999237060547, 2.7100000381469727, 1.7899999618530273, 1.7699999809265137, 1.309999942779541, 1.309999942779541, 1.3200000524520874, 1.1499999761581421, 0.93000000715255737, 0.93000000715255737, 0.6600000262260437, 0.63999998569488525, 0.62999999523162842, 0.62999999523162842, 0.68000000715255737, 0.69999998807907104, 1.0499999523162842, 1.0199999809265137, 1.2300000190734863, 1.2200000286102295, 1.2599999904632568, 1.2599999904632568, 1.4500000476837158, 1.4900000095367432, 1.4500000476837158, 1.4500000476837158, 1.3999999761581421, 1.4099999666213989, 0.99000000953674316, 0.98000001907348633, 0.62999999523162842, 0.61000001430511475, 0.46000000834465027, 0.46000000834465027, 0.40000000596046448, 0.37999999523162842,
.0, 0.0, 0.0, 0.0, 0.0, 0.0, 0.0, 0.0, 0.0, 0.0, 0.0, 0.0, 0.0, 0.0, 3.5099999904632568, 3.5499999523162842, 3.1800000667572021, 3.1400001049041748, 3.4500000476837158, 3.380000114440918, 4.119999885559082, 4.059999942779541, 2.7300000190734863, 2.7799999713897705, 1.5900000333786011, 1.5399999618530273, 1.3500000238418579, 1.3400000333786011, 1.3400000333786011, 0.9100000262260437, 0.72000002861022949, 0.74000000953674316, 0.67000001668930054, 0.63999998569488525, 0.62999999523162842, 0.63999998569488525, 0.70999997854232788, 0.70999997854232788, 1.0700000524520874, 1.059999942779541, 1.309999942779541, 1.2699999809265137, 1.2799999713897705, 1.2799999713897705, 1.5, 1.5199999809265137, 1.5, 1.4900000095367432, 1.4299999475479126, 1.440000057220459, 1.0399999618530273, 1.0299999713897705, 0.62999999523162842, 0.63999998569488525, 0.50999999046325684, 0.49000000953674316, 0.41999998688697815, 0.40999999642372131,
.0, 0.0, 0.0, 0.0, 0.0, 0.0, 0.0, 0.0, 0.0, 0.0, 0.0, 0.0, 0.0, 0.0, 2.7699999809265137, 2.7599999904632568, 3.5399999618530273, 3.5899999141693115, 3.9100000858306885, 3.8299999237060547, 2.75, 2.690000057220459, 1.6799999475479126, 1.7000000476837158, 1.190000057220459, 1.2400000095367432, 1.1299999952316284, 0.75999999046325684, 0.8399999737739563, 0.85000002384185791, 0.75999999046325684, 0.75999999046325684, 0.75, 0.74000000953674316, 0.8399999737739563, 0.82999998331069946, 1.0099999904632568, 1.0099999904632568, 1.1200000047683716, 1.1200000047683716, 1.2400000095367432, 1.2400000095367432, 1.25, 1.2200000286102295, 1.1799999475479126, 1.1799999475479126, 1.3200000524520874, 1.3300000429153442, 1.3400000333786011, 1.3500000238418579, 0.98000001907348633, 1.0, 0.72000002861022949, 0.72000002861022949, 0.62999999523162842, 0.63999998569488525, 0.55000001192092896, 0.50999999046325684,
.0, 0.0, 0.0, 0.0, 0.0, 0.0, 0.0, 0.0, 0.0, 0.0, 0.0, 0.0, 0.0, 0.0, 2.7799999713897705, 2.75, 3.4000000953674316, 3.4200000762939453, 3.7599999904632568, 3.2699999809265137, 2.369999885559082, 2.2999999523162842, 1.6599999666213989, 1.6299999952316284, 1.2000000476837158, 0.80000001192092896, 0.76999998092651367, 0.76999998092651367, 0.85000002384185791, 0.86000001430511475, 0.75999999046325684, 0.75, 0.74000000953674316, 0.75, 0.86000001430511475, 0.86000001430511475, 1.0199999809265137, 1.0299999713897705, 1.1399999856948853, 1.1399999856948853, 1.2599999904632568, 1.2599999904632568, 1.2699999809265137, 1.2599999904632568, 1.25, 1.2400000095367432, 1.3500000238418579, 1.3400000333786011, 1.3700000047683716, 1.3899999856948853, 1.0199999809265137, 1.0199999809265137, 0.75999999046325684, 0.76999998092651367, 0.68000000715255737, 0.64999997615814209, 0.56999999284744263, 0.56999999284744263,
.0, 0.0, 0.0, 0.0, 0.0, 0.0, 0.0, 0.0, 0.0, 0.0, 0.0, 0.0, 0.0, 0.0, 0.0, 0.0, 2.4200000762939453, 2.369999885559082, 2.7599999904632568, 2.7699999809265137, 2.9500000476837158, 2.9900000095367432, 1.6499999761581421, 1.6599999666213989, 0.88999998569488525, 0.89999997615814209, 0.93000000715255737, 0.95999997854232788, 0.86000001430511475, 0.8399999737739563, 0.76999998092651367, 0.76999998092651367, 0.94999998807907104, 0.98000001907348633, 1.1399999856948853, 1.1499999761581421, 1.2200000286102295, 1.2000000476837158, 1.2899999618530273, 1.2999999523162842, 1.5700000524520874, 1.5499999523162842, 1.690000057220459, 1.6799999475479126, 1.2899999618530273, 1.2799999713897705, 1.1399999856948853, 1.1100000143051147, 1.1299999952316284, 1.1499999761581421, 1.0199999809265137, 1.0199999809265137, 0.80000001192092896, 0.80000001192092896, 0.82999998331069946, 0.76999998092651367, 0.62000000476837158, 0.62999999523162842,
.0, 0.0, 0.0, 0.0, 0.0, 0.0, 0.0, 0.0, 0.0, 0.0, 0.0, 0.0, 0.0, 0.0, 0.0, 0.0, 2.4100000858306885, 2.369999885559082, 2.7300000190734863, 2.7000000476837158, 2.9500000476837158, 2.9500000476837158, 1.6699999570846558, 1.1100000143051147, 0.92000001668930054, 0.93000000715255737, 0.95999997854232788, 0.95999997854232788, 0.86000001430511475, 0.85000002384185791, 0.75999999046325684, 0.76999998092651367, 0.95999997854232788, 0.97000002861022949, 1.1599999666213989, 1.1599999666213989, 1.190000057220459, 1.2100000381469727, 1.3200000524520874, 1.3400000333786011, 1.6000000238418579, 1.5900000333786011, 1.7300000190734863, 1.7200000286102295, 1.309999942779541, 1.3300000429153442, 1.190000057220459, 1.1699999570846558, 1.1399999856948853, 1.1599999666213989, 1.0399999618530273, 1.0700000524520874, 0.85000002384185791, 0.85000002384185791, 0.8399999737739563, 0.8399999737739563, 0.64999997615814209, 0.6600000262260437,
.0, 0.0, 0.0, 0.0, 0.0, 0.0, 0.0, 0.0, 0.0, 0.0, 0.0, 0.0, 0.0, 0.0, 0.0, 0.0, 0.0, 0.0, 0.0, 0.0, 0.0, 0.0, 0.0, 0.0, 1.0800000429153442, 1.0800000429153442, 0.99000000953674316, 0.99000000953674316, 0.87999999523162842, 0.87000000476837158, 0.77999997138977051, 0.77999997138977051, 1.0099999904632568, 1.0399999618530273, 1.1399999856948853, 1.1499999761581421, 1.1599999666213989, 1.1699999570846558, 1.1699999570846558, 1.190000057220459, 1.25, 1.2100000381469727, 1.4299999475479126, 1.4299999475479126, 1.0700000524520874, 1.0800000429153442, 1.1100000143051147, 1.1200000047683716, 1.1399999856948853, 1.1100000143051147, 1.0700000524520874, 1.1000000238418579, 1.4299999475479126, 1.4299999475479126, 0.89999997615814209, 0.87000000476837158, 0.69999998807907104, 0.72000002861022949,
.0, 0.0, 0.0, 0.0, 0.0, 0.0, 0.0, 0.0, 0.0, 0.0, 0.0, 0.0, 0.0, 0.0, 0.0, 0.0, 0.0, 0.0, 0.0, 0.0, 0.0, 0.0, 0.0, 0.0, 1.0499999523162842, 1.0499999523162842, 0.97000002861022949, 0.98000001907348633, 0.87999999523162842, 0.87999999523162842, 0.80000001192092896, 0.77999997138977051, 1.0399999618530273, 1.0700000524520874, 1.190000057220459, 1.190000057220459, 1.2200000286102295, 1.2300000190734863, 1.190000057220459, 1.2100000381469727, 1.25, 1.2400000095367432, 1.4700000286102295, 1.4500000476837158, 1.1100000143051147, 1.1100000143051147, 1.1599999666213989, 1.2000000476837158, 1.25, 1.2300000190734863, 1.1399999856948853, 1.2300000190734863, 1.4900000095367432, 1.4800000190734863, 0.9100000262260437, 0.92000001668930054, 0.68000000715255737, 0.69999998807907104,
.0, 0.0, 0.0, 0.0, 0.0, 0.0, 0.0, 0.0, 0.0, 0.0, 0.0, 0.0, 0.0, 0.0, 2.4000000953674316, 2.3299999237060547, 2.4200000762939453, 2.4300000667572021, 2.119999885559082, 2.0499999523162842, 1.4299999475479126, 1.4600000381469727, 1.2599999904632568, 1.2999999523162842, 1.309999942779541, 1.2999999523162842, 1.2799999713897705, 1.2599999904632568, 1.2400000095367432, 1.2200000286102295, 0.80000001192092896, 0.81000000238418579, 0.9100000262260437, 0.9100000262260437, 1.0299999713897705, 1.059999942779541, 1.190000057220459, 1.2000000476837158, 1.0900000333786011, 1.1000000238418579, 1.0900000333786011, 1.0900000333786011, 1.2000000476837158, 1.2200000286102295, 1.1299999952316284, 1.1499999761581421, 1.2799999713897705, 1.3400000333786011, 1.4700000286102295, 1.5199999809265137, 1.3600000143051147, 1.3400000333786011, 1.1699999570846558, 1.1100000143051147, 0.86000001430511475, 0.86000001430511475, 0.68999999761581421, 0.68999999761581421,
.0, 0.0, 0.0, 0.0, 0.0, 0.0, 0.0, 0.0, 0.0, 0.0, 0.0, 0.0, 0.0, 0.0, 2.4000000953674316, 2.2899999618530273, 2.4100000858306885, 2.4800000190734863, 2.119999885559082, 1.3899999856948853, 1.4800000190734863, 1.4600000381469727, 1.2400000095367432, 1.2999999523162842, 1.3200000524520874, 1.3600000143051147, 1.3300000429153442, 1.309999942779541, 1.2200000286102295, 1.2699999809265137, 0.81999999284744263, 0.81999999284744263, 0.9100000262260437, 0.93999999761581421, 1.0499999523162842, 1.1000000238418579, 1.2300000190734863, 1.2000000476837158, 1.0800000429153442, 1.1000000238418579, 1.0900000333786011, 1.1299999952316284, 1.2300000190734863, 1.25, 1.2000000476837158, 1.2100000381469727, 1.3799999952316284, 1.3999999761581421, 1.559999942779541, 1.5099999904632568, 1.3300000429153442, 1.3300000429153442, 1.0700000524520874, 1.0499999523162842, 0.9100000262260437, 0.8399999737739563, 0.67000001668930054, 0.72000002861022949,
.0, 0.0, 0.0, 0.0, 0.0, 0.0, 0.0, 0.0, 0.0, 0.0, 0.0, 0.0, 0.0, 0.0, 0.0, 0.0, 2.6800000667572021, 2.7200000286102295, 1.75, 1.7599999904632568, 1.8500000238418579, 1.8300000429153442, 1.7400000095367432, 1.7999999523162842, 1.5399999618530273, 1.559999942779541, 1.3400000333786011, 1.3999999761581421, 0.94999998807907104, 0.95999997854232788, 0.75999999046325684, 0.77999997138977051, 0.75999999046325684, 0.75, 0.9100000262260437, 0.95999997854232788, 1.1299999952316284, 1.1000000238418579, 1.1599999666213989, 1.1499999761581421, 1.2000000476837158, 1.190000057220459, 1.2400000095367432, 1.2400000095367432, 1.25, 1.25, 1.3700000047683716, 1.3500000238418579, 1.3600000143051147, 1.3500000238418579, 1.4800000190734863, 1.4700000286102295, 1.3700000047683716, 1.2999999523162842, 1.190000057220459, 1.1000000238418579, 0.75, 0.76999998092651367,
.0, 0.0, 0.0, 0.0, 0.0, 0.0, 0.0, 0.0, 0.0, 0.0, 0.0, 0.0, 0.0, 0.0, 0.0, 0.0, 2.6800000667572021, 1.809999942779541, 1.7799999713897705, 1.7699999809265137, 1.8899999856948853, 1.8899999856948853, 1.7699999809265137, 1.7699999809265137, 1.5099999904632568, 1.6100000143051147, 1.3799999952316284, 1.4299999475479126, 0.95999997854232788, 1.0, 0.79000002145767212, 0.81000000238418579, 0.76999998092651367, 0.77999997138977051, 0.92000001668930054, 0.94999998807907104, 1.1200000047683716, 1.1100000143051147, 1.2000000476837158, 1.25, 1.2300000190734863, 1.2400000095367432, 1.2400000095367432, 1.2400000095367432, 1.2599999904632568, 1.2799999713897705, 1.3899999856948853, 1.4099999666213989, 1.4199999570846558, 1.4099999666213989, 1.5099999904632568, 1.5299999713897705, 1.4199999570846558, 1.3200000524520874, 1.1499999761581421, 1.1499999761581421, 0.80000001192092896, 0.79000002145767212,
.0, 0.0, 0.0, 0.0, 0.0, 0.0, 0.0, 0.0, 0.0, 0.0, 0.0, 0.0, 0.0, 0.0, 0.0, 0.0, 1.7000000476837158, 1.75, 1.8500000238418579, 1.8200000524520874, 1.6100000143051147, 1.6399999856948853, 1.6599999666213989, 1.7200000286102295, 1.0900000333786011, 1.1200000047683716, 1.0099999904632568, 0.99000000953674316, 0.97000002861022949, 0.95999997854232788, 0.8399999737739563, 0.85000002384185791, 0.81999999284744263, 0.82999998331069946, 0.92000001668930054, 0.94999998807907104, 1.0900000333786011, 1.0700000524520874, 1.1399999856948853, 1.2200000286102295, 1.2400000095367432, 1.2599999904632568, 1.3799999952316284, 1.4199999570846558, 1.4500000476837158, 1.4700000286102295, 1.3500000238418579, 1.3600000143051147, 1.5399999618530273, 1.5199999809265137, 1.4299999475479126, 1.4199999570846558, 1.6299999952316284, 1.6100000143051147, 1.1299999952316284, 1.1699999570846558, 0.75999999046325684, 0.75999999046325684,
.0, 0.0, 0.0, 0.0, 0.0, 0.0, 0.0, 0.0, 0.0, 0.0, 0.0, 0.0, 0.0, 0.0, 0.0, 0.0, 1.7100000381469727, 1.690000057220459, 1.7999999523162842, 1.809999942779541, 1.6000000238418579, 1.6299999952316284, 1.7400000095367432, 1.7300000190734863, 1.1299999952316284, 1.1499999761581421, 0.99000000953674316, 1.0099999904632568, 0.97000002861022949, 0.98000001907348633, 0.8399999737739563, 0.85000002384185791, 0.81999999284744263, 0.8399999737739563, 0.93000000715255737, 0.95999997854232788, 1.0900000333786011, 1.0800000429153442, 1.2400000095367432, 1.2899999618530273, 1.309999942779541, 1.2999999523162842, 1.4600000381469727, 1.440000057220459, 1.440000057220459, 1.5, 1.3500000238418579, 1.3899999856948853, 1.4900000095367432, 1.5099999904632568, 1.4600000381469727, 1.4800000190734863, 1.6599999666213989, 1.5900000333786011, 1.1299999952316284, 1.1699999570846558, 0.81000000238418579, 0.75999999046325684,
.0, 0.0, 0.0, 0.0, 0.0, 0.0, 0.0, 0.0, 0.0, 0.0, 0.0, 0.0, 0.0, 0.0, 0.0, 0.0, 0.0, 0.0, 1.3600000143051147, 1.3700000047683716, 1.4900000095367432, 1.5399999618530273, 1.5499999523162842, 1.5800000429153442, 1.2100000381469727, 1.2599999904632568, 0.86000001430511475, 0.87000000476837158, 0.86000001430511475, 0.85000002384185791, 0.76999998092651367, 0.76999998092651367, 0.81999999284744263, 0.82999998331069946, 1.0700000524520874, 1.0900000333786011, 1.2599999904632568, 1.3600000143051147, 1.6799999475479126, 1.7300000190734863, 1.8899999856948853, 1.8999999761581421, 1.8400000333786011, 1.8200000524520874, 1.7599999904632568, 1.809999942779541, 1.7999999523162842, 1.7699999809265137, 1.6799999475479126, 1.7100000381469727, 1.6399999856948853, 1.6599999666213989, 1.4700000286102295, 1.4199999570846558, 1.2000000476837158, 1.1799999475479126, 0.97000002861022949, 0.93999999761581421,
.0, 0.0, 0.0, 0.0, 0.0, 0.0, 0.0, 0.0, 0.0, 0.0, 0.0, 0.0, 0.0, 0.0, 0.0, 0.0, 0.0, 0.0, 1.3500000238418579, 1.3700000047683716, 1.4800000190734863, 1.5499999523162842, 1.6100000143051147, 1.5900000333786011, 1.2000000476837158, 1.2400000095367432, 0.9100000262260437, 0.9100000262260437, 0.87000000476837158, 0.85000002384185791, 0.77999997138977051, 0.79000002145767212, 0.81000000238418579, 0.81999999284744263, 1.059999942779541, 1.0399999618530273, 1.2899999618530273, 1.3300000429153442, 1.6100000143051147, 1.6299999952316284, 1.7899999618530273, 1.9299999475479126, 1.8700000047683716, 1.9500000476837158, 1.809999942779541, 1.7100000381469727, 1.7100000381469727, 1.7300000190734863, 1.6699999570846558, 1.7300000190734863, 1.6299999952316284, 1.6499999761581421, 1.4500000476837158, 1.4199999570846558, 1.2000000476837158, 1.1699999570846558, 0.98000001907348633, 0.93999999761581421,
.0, 0.0, 0.0, 0.0, 0.0, 0.0, 0.0, 0.0, 0.0, 0.0, 0.0, 0.0, 1.1499999761581421, 1.1699999570846558, 1.2400000095367432, 1.2699999809265137, 1.3300000429153442, 1.3300000429153442, 1.309999942779541, 1.3999999761581421, 1.4199999570846558, 1.4500000476837158, 1.7599999904632568, 1.7300000190734863, 1.2200000286102295, 1.2599999904632568, 0.95999997854232788, 0.95999997854232788, 0.86000001430511475, 0.82999998331069946, 0.76999998092651367, 0.76999998092651367, 0.80000001192092896, 0.82999998331069946, 0.88999998569488525, 0.89999997615814209, 0.97000002861022949, 0.97000002861022949, 0.99000000953674316, 1.0199999809265137, 1.2200000286102295, 1.2599999904632568, 1.5700000524520874, 1.559999942779541, 1.5, 1.4900000095367432, 1.7000000476837158, 1.8200000524520874, 2.2400000095367432, 2.2899999618530273, 1.9199999570846558, 1.8999999761581421, 1.5499999523162842, 1.5299999713897705, 1.1299999952316284, 1.1100000143051147, 1.1000000238418579, 1.1399999856948853,
.0, 0.0, 0.0, 0.0, 0.0, 0.0, 0.0, 0.0, 0.0, 0.0, 0.0, 0.0, 1.1599999666213989, 1.1599999666213989, 1.2200000286102295, 1.2400000095367432, 1.3200000524520874, 1.3200000524520874, 1.309999942779541, 1.309999942779541, 1.3300000429153442, 1.3799999952316284, 1.6399999856948853, 1.7000000476837158, 1.1499999761581421, 1.1100000143051147, 0.8399999737739563, 0.8399999737739563, 0.76999998092651367, 0.80000001192092896, 0.76999998092651367, 0.79000002145767212, 0.81999999284744263, 0.81999999284744263, 0.93000000715255737, 0.92000001668930054, 0.97000002861022949, 0.98000001907348633, 1.0, 0.99000000953674316, 1.2100000381469727, 1.1799999475479126, 1.4900000095367432, 1.4600000381469727, 1.5099999904632568, 1.5499999523162842, 1.7200000286102295, 1.7000000476837158, 2.0799999237060547, 2.1700000762939453, 1.8600000143051147, 1.8200000524520874, 1.5199999809265137, 1.4800000190734863, 1.1000000238418579, 1.1000000238418579, 1.0800000429153442, 1.1000000238418579,
.0, 0.0, 0.0, 0.0, 0.0, 0.0, 0.0, 0.0, 0.0, 0.0, 0.0, 0.0, 0.0, 0.0, 0.0, 0.0, 0.0, 0.0, 1.2300000190734863, 1.2300000190734863, 1.309999942779541, 1.309999942779541, 1.2999999523162842, 1.309999942779541, 1.1699999570846558, 1.2300000190734863, 1.5299999713897705, 1.5499999523162842, 0.9100000262260437, 0.94999998807907104, 0.8399999737739563, 0.85000002384185791, 0.8399999737739563, 0.82999998331069946, 0.75999999046325684, 0.75, 0.75, 0.75999999046325684, 0.75, 0.75, 0.76999998092651367, 0.81999999284744263, 1.2799999713897705, 1.2400000095367432, 1.3300000429153442, 1.2899999618530273, 1.6699999570846558, 1.6599999666213989, 1.7300000190734863, 1.7400000095367432, 1.5, 1.4700000286102295, 1.2699999809265137, 1.2300000190734863, 1.0099999904632568, 1.0099999904632568, 0.98000001907348633, 1.059999942779541,
.0, 0.0, 0.0, 0.0, 0.0, 0.0, 0.0, 0.0, 0.0, 0.0, 0.0, 0.0, 0.0, 0.0, 0.0, 0.0, 0.0, 0.0, 1.25, 1.2200000286102295, 1.3400000333786011, 1.3400000333786011, 1.3300000429153442, 1.3400000333786011, 1.1699999570846558, 1.1599999666213989, 1.5099999904632568, 1.5199999809265137, 0.9100000262260437, 0.94999998807907104, 0.81999999284744263, 0.8399999737739563, 0.82999998331069946, 0.81999999284744263, 0.75, 0.75, 0.75999999046325684, 0.75999999046325684, 0.75, 0.76999998092651367, 0.76999998092651367, 0.77999997138977051, 1.2100000381469727, 1.2100000381469727, 1.3700000047683716, 1.3400000333786011, 1.6699999570846558, 1.6699999570846558, 1.6499999761581421, 1.6599999666213989, 1.4299999475479126, 1.4099999666213989, 1.2200000286102295, 1.2200000286102295, 1.0299999713897705, 0.99000000953674316, 0.99000000953674316, 0.98000001907348633,
.0, 0.0, 0.0, 0.0, 0.0, 0.0, 0.0, 0.0, 0.0, 0.0, 0.0, 0.0, 1.1299999952316284, 1.1299999952316284, 1.2200000286102295, 1.2200000286102295, 1.3300000429153442, 1.3400000333786011, 1.3200000524520874, 1.3700000047683716, 1.1699999570846558, 1.2300000190734863, 1.1000000238418579, 1.1200000047683716, 1.2000000476837158, 1.190000057220459, 1.5499999523162842, 1.5800000429153442, 1.0800000429153442, 1.1100000143051147, 0.87999999523162842, 0.86000001430511475, 0.75999999046325684, 0.75999999046325684, 0.72000002861022949, 0.73000001907348633, 0.73000001907348633, 0.72000002861022949, 0.73000001907348633, 0.74000000953674316, 0.75, 0.74000000953674316, 0.85000002384185791, 0.86000001430511475, 1.0800000429153442, 1.0800000429153442, 1.440000057220459, 1.4700000286102295, 1.5, 1.4800000190734863, 1.190000057220459, 1.1699999570846558, 1.2599999904632568, 1.2599999904632568, 1.0900000333786011, 1.0900000333786011, 0.93999999761581421, 0.93999999761581421,
.0, 0.0, 0.0, 0.0, 0.0, 0.0, 0.0, 0.0, 0.0, 0.0, 0.0, 0.0, 1.1299999952316284, 1.1100000143051147, 1.2000000476837158, 1.25, 1.2999999523162842, 1.2999999523162842, 1.2799999713897705, 1.3300000429153442, 1.1599999666213989, 1.190000057220459, 1.1100000143051147, 1.1399999856948853, 1.2000000476837158, 1.2100000381469727, 1.559999942779541, 1.5700000524520874, 1.0700000524520874, 1.0900000333786011, 0.85000002384185791, 0.87000000476837158, 0.76999998092651367, 0.74000000953674316, 0.70999997854232788, 0.70999997854232788, 0.72000002861022949, 0.72000002861022949, 0.72000002861022949, 0.74000000953674316, 0.73000001907348633, 0.74000000953674316, 0.8399999737739563, 0.82999998331069946, 1.0700000524520874, 1.059999942779541, 1.4099999666213989, 1.3999999761581421, 1.4700000286102295, 1.4900000095367432, 1.1499999761581421, 1.2100000381469727, 1.2300000190734863, 1.2000000476837158, 1.0399999618530273, 1.0800000429153442, 0.94999998807907104, 0.92000001668930054,
.0, 0.0, 0.0, 0.0, 0.0, 0.0, 0.0, 0.0, 0.0, 0.0, 1.1599999666213989, 1.1599999666213989, 1.1699999570846558, 1.1799999475479126, 1.3400000333786011, 1.3799999952316284, 1.309999942779541, 1.3300000429153442, 1.4600000381469727, 1.4600000381469727, 1.3200000524520874, 1.3300000429153442, 1.3700000047683716, 1.3700000047683716, 1.2400000095367432, 1.25, 1.1599999666213989, 1.2100000381469727, 0.0, 0.0, 0.0, 0.0, 0.0, 0.0, 0.0, 0.0, 0.67000001668930054, 0.67000001668930054, 0.64999997615814209, 0.64999997615814209, 0.63999998569488525, 0.64999997615814209, 0.70999997854232788, 0.69999998807907104, 0.73000001907348633, 0.74000000953674316, 0.93999999761581421, 0.9100000262260437, 1.190000057220459, 1.1799999475479126, 1.1499999761581421, 1.1299999952316284, 1.309999942779541, 1.2599999904632568, 1.2200000286102295, 1.25, 1.3500000238418579, 1.3899999856948853,
.0, 0.0, 0.0, 0.0, 0.0, 0.0, 0.0, 0.0, 0.0, 0.0, 1.1699999570846558, 1.1799999475479126, 1.1799999475479126, 1.1799999475479126, 1.3300000429153442, 1.3500000238418579, 1.3200000524520874, 1.3400000333786011, 1.4800000190734863, 1.4800000190734863, 1.3200000524520874, 1.3200000524520874, 1.2999999523162842, 1.3700000047683716, 1.2000000476837158, 1.2200000286102295, 1.190000057220459, 1.2599999904632568, 0.0, 0.0, 0.0, 0.0, 0.0, 0.0, 0.0, 0.0, 0.67000001668930054, 0.6600000262260437, 0.62999999523162842, 0.62999999523162842, 0.62999999523162842, 0.62000000476837158, 0.68000000715255737, 0.67000001668930054, 0.72000002861022949, 0.70999997854232788, 0.87000000476837158, 0.85000002384185791, 1.1100000143051147, 1.1299999952316284, 1.1200000047683716, 1.0900000333786011, 1.2000000476837158, 1.2400000095367432, 1.2100000381469727, 1.2400000095367432, 1.3700000047683716, 1.3300000429153442,
.0, 0.0, 0.0, 0.0, 0.0, 0.0, 0.0, 0.0, 0.0, 0.0, 1.2999999523162842, 1.2899999618530273, 1.3500000238418579, 1.3400000333786011, 1.3600000143051147, 1.3899999856948853, 1.7400000095367432, 1.7699999809265137, 1.8899999856948853, 1.8899999856948853, 2.0799999237060547, 2.0399999618530273, 1.9099999666213989, 1.8899999856948853, 1.3799999952316284, 1.440000057220459, 1.1599999666213989, 1.190000057220459, 1.0800000429153442, 1.0900000333786011, 1.0099999904632568, 1.0, 0.0, 0.0, 0.0, 0.0, 0.0, 0.0, 0.0, 0.0, 0.64999997615814209, 0.63999998569488525, 0.6600000262260437, 0.68999999761581421, 0.69999998807907104, 0.70999997854232788, 0.93999999761581421, 0.93000000715255737, 1.190000057220459, 1.2100000381469727, 1.2400000095367432, 1.25, 1.3500000238418579, 1.3700000047683716, 1.3600000143051147, 1.3600000143051147, 1.2000000476837158, 1.1799999475479126,
.0, 0.0, 0.0, 0.0, 0.0, 0.0, 0.0, 0.0, 0.0, 0.0, 1.2699999809265137, 1.2899999618530273, 1.3300000429153442, 1.3200000524520874, 1.3400000333786011, 1.3400000333786011, 1.7000000476837158, 1.7400000095367432, 1.8300000429153442, 1.8300000429153442, 2.0699999332427979, 2.0699999332427979, 1.8799999952316284, 1.8899999856948853, 1.3700000047683716, 1.3999999761581421, 1.0800000429153442, 1.1200000047683716, 1.0199999809265137, 1.0399999618530273, 1.0, 0.99000000953674316, 0.0, 0.0, 0.0, 0.0, 0.0, 0.0, 0.0, 0.0, 0.67000001668930054, 0.6600000262260437, 0.68000000715255737, 0.6600000262260437, 0.69999998807907104, 0.69999998807907104, 0.93000000715255737, 0.9100000262260437, 1.1599999666213989, 1.1699999570846558, 1.2200000286102295, 1.2400000095367432, 1.3600000143051147, 1.3700000047683716, 1.3500000238418579, 1.3500000238418579, 1.1799999475479126, 1.2000000476837158,
