MRPI/JupyterNotebooks/sm.asc
NCOLS 310
NROWS 350
XLLCORNER -124.90625
YLLCORNER 31.09375
CELLSIZE 0.0625
NODATA_VALUE = -9999
[rows 78 to 103 of 350, columns 116 to 173 of 310]
5.2119998931884766, 6.4670000076293945, 4.934999942779541, 3.7639999389648438, 2.3829998970031738, 2.2430000305175781, 1.375, 1.625, 1.9550000429153442, 1.6119999885559082, 1.2640000581741333, 1.0230000019073486, 0.25299999117851257, 0.37299999594688416, 0.5220000147819519, 1.0219999551773071, 1.0709999799728394, 1.0, 0.66299998760223389, 0.5690000057220459, 0.49799999594688416, 0.36000001430511475, 0.3619999885559082, 0.27599999308586121, 0.69700002670288086, 0.52799999713897705, 0.32100000977516174, 0.36800000071525574, 0.20999999344348907, 0.2800000011920929, 0.28999999165534973, 0.0, 0.0, 0.0, 0.0, 0.0, 0.0, 0.0, 0.0, 0.0, 0.0, 0.0, 0.0, 0.0, 0.0, 0.0, 0.0, 0.0, 0.0, 0.0, 0.0, 0.0, 0.0, 0.0, 0.0, 0.0, 0.0, 0.0,
4.7709999084472656, 4.9869999885559082, 4.5500001907348633, 3.1349999904632568, 1.9539999961853027, 1.7300000190734863, 1.1950000524520874, 1.8660000562667847, 2.8710000514984131, 1.9620000123977661, 0.62099999189376831, 0.33000001311302185, 0.43500000238418579, 0.36100000143051147, 0.44499999284744263, 0.97000002861022949, 1.0420000553131104, 0.95300000905990601, 0.8970000147819519, 0.84299999475479126, 0.50800001621246338, 0.460999995470047, 0.55099999904632568, 0.4050000011920929, 0.35199999809265137, 0.35499998927116394, 0.32499998807907104, 0.2800000011920929, 0.2800000011920929, 0.37000000476837158, 0.34999999403953552, 0.38999998569488525, 0.0, 0.0, 0.0, 0.0, 0.0, 0.0, 0.0, 0.0, 0.0, 0.0, 0.0, 0.0, 0.0, 0.0, 0.0, 0.0, 0.0, 0.0, 0.0, 0.0, 0.0, 0.0, 0.0, 0.0, 0.0, 0.0,
3.8039999008178711, 3.8450000286102295, 4.1040000915527344, 2.9460000991821289, 1.5839999914169312, 1.4559999704360962, 1.5130000114440918, 2.1400001049041748, 3.2369999885559082, 2.4059998989105225, 0.59600001573562622, 0.37599998712539673, 0.48399999737739563, 0.375, 0.86500000953674316, 1.1109999418258667, 1.0549999475479126, 0.93999999761581421, 0.94099998474121094, 0.76999998092651367, 0.50499999523162842, 0.52999997138977051, 0.63200002908706665, 0.53799998760223389, 0.46500000357627869, 0.2800000011920929, 0.25999999046325684, 0.28999999165534973, 0.31999999284744263, 0.55000001192092896, 0.51999998092651367, 0.54000002145767212, 0.0, 0.0, 0.0, 0.0, 0.0, 0.0, 0.0, 0.0, 0.0, 0.0, 0.0, 0.0, 0.0, 0.0, 0.0, 0.0, 0.0, 0.0, 0.0, 0.0, 0.0, 0.0, 0.0, 0.0, 0.0, 0.0,
3.5829999446868896, 3.7699999809265137, 3.7360000610351562, 2.2920000553131104, 1.1150000095367432, 1.1380000114440918, 2.5929999351501465, 2.5820000171661377, 3.7769999504089355, 2.7660000324249268, 0.59799998998641968, 0.55400002002716064, 0.54699999094009399, 0.43200001120567322, 1.3040000200271606, 1.0980000495910645, 1.062999963760376, 0.74099999666213989, 0.62199997901916504, 0.64200001955032349, 0.57599997520446777, 0.63200002908706665, 0.68999999761581421, 0.5220000147819519, 0.25, 0.27000001072883606, 0.2800000011920929, 0.2800000011920929, 0.51999998092651367, 0.72000002861022949, 0.88999998569488525, 0.87000000476837158, 0.0, 0.0, 0.0, 0.0, 0.0, 0.0, 0.0, 0.0, 0.0, 0.0, 0.0, 0.0, 0.0, 0.0, 0.0, 0.0, 0.0, 0.0, 0.0, 0.0, 0.0, 0.0, 0.0, 0.0, 0.0, 0.0,
4.0859999656677246, 3.874000072479248, 4.1929998397827148, 2.1600000858306885, 1.031000018119812, 0.90499997138977051, 3.2019999027252197, 2.5690000057220459, 3.7369999885559082, 3.3789999485015869, 0.95499998331069946, 0.62599998712539673, 0.61699998378753662, 0.460999995470047, 1.4509999752044678, 1.0809999704360962, 1.1030000448226929, 0.83499997854232788, 0.69599997997283936, 0.65200001001358032, 0.6119999885559082, 0.61900001764297485, 0.63999998569488525, 0.36000001430511475, 0.34000000357627869, 0.37000000476837158, 0.37000000476837158, 0.46000000834465027, 0.6600000262260437, 0.81000000238418579, 1.1499999761581421, 1.6000000238418579, 1.190000057220459, 0.95999997854232788, 0.0, 0.0, 0.0, 0.0, 0.0, 0.0, 0.0, 0.0, 0.0, 0.0, 0.0, 0.0, 0.0, 0.0, 0.0, 0.0, 0.0, 0.0, 0.0, 0.0, 0.0, 0.0, 0.0, 0.0,
3.6659998893737793, 3.6349999904632568, 2.2820000648498535, 1.7239999771118164, 2.247999906539917, 2.8840000629425049, 3.8429999351501465, 4.0149998664855957, 3.4760000705718994, 2.3970000743865967, 1.0579999685287476, 0.76099997758865356, 0.6809999942779541, 0.74199998378753662, 1.0299999713897705, 1.0199999809265137, 0.9779999852180481, 0.8410000205039978, 0.79199999570846558, 0.67000001668930054, 0.61000001430511475, 0.37000000476837158, 0.40000000596046448, 0.43000000715255737, 0.40999999642372131, 0.37000000476837158, 0.49000000953674316, 0.97000002861022949, 0.86000001430511475, 0.93000000715255737, 1.190000057220459, 1.5, 1.309999942779541, 1.1100000143051147, 0.75999999046325684, 0.0, 0.0, 0.0, 0.0, 0.0, 0.0, 0.0, 0.0, 0.0, 0.0, 0.0, 0.0, 0.0, 0.0, 0.0, 0.0, 0.0, 0.0, 0.0, 0.0, 0.0, 0.0, 0.0,
3.3849999904632568, 3.2390000820159912, 1.7460000514984131, 1.8919999599456787, 2.7430000305175781, 2.75, 3.9040000438690186, 3.934999942779541, 2.6670000553131104, 2.7909998893737793, 1.1210000514984131, 1.0850000381469727, 0.91699999570846558, 1.0199999809265137, 0.70300000905990601, 0.90799999237060547, 1.0590000152587891, 0.92699998617172241, 0.64099997282028198, 0.62400001287460327, 0.34999999403953552, 0.36000001430511475, 0.40999999642372131, 0.43000000715255737, 0.40000000596046448, 0.55000001192092896, 0.81000000238418579, 1.3799999952316284, 1.1399999856948853, 1.0800000429153442, 1.0800000429153442, 1.1299999952316284, 1.059999942779541, 0.76999998092651367, 0.69999998807907104, 0.40999999642372131, 0.0, 0.0, 0.0, 0.0, 0.0, 0.0, 0.0, 0.0, 0.0, 0.0, 0.0, 0.0, 0.0, 0.0, 0.0, 0.0, 0.0, 0.0, 0.0, 0.0, 0.0, 0.0,
3.4809999465942383, 3.246999979019165, 2.3310000896453857, 3.4289999008178711, 2.625, 2.9110000133514404, 2.7750000953674316, 3.2379999160766602, 2.75, 1.5369999408721924, 1.0429999828338623, 1.0800000429153442, 0.95200002193450928, 0.99900001287460327, 1.5460000038146973, 1.2300000190734863, 0.89200001955032349, 0.73500001430511475, 0.58700001239776611, 0.34999999403953552, 0.36000001430511475, 0.37000000476837158, 0.34999999403953552, 0.37999999523162842, 0.4699999988079071, 0.8399999737739563, 1.3899999856948853, 1.1699999570846558, 1.0, 0.74000000953674316, 0.75999999046325684, 0.81000000238418579, 0.75, 0.43999999761581421, 0.46000000834465027, 0.44999998807907104, 0.0, 0.0, 0.0, 0.0, 0.0, 0.0, 0.0, 0.0, 0.0, 0.0, 0.0, 0.0, 0.0, 0.0, 0.0, 0.0, 0.0, 0.0, 0.0, 0.0, 0.0, 0.0,
3.6440000534057617, 3.4939999580383301, 2.7019999027252197, 3.8350000381469727, 2.8080000877380371, 2.2839999198913574, 1.3029999732971191, 3.3269999027252197, 2.6310000419616699, 2.1579999923706055, 0.93500000238418579, 0.92400002479553223, 1.1310000419616699, 1.3799999952316284, 1.3450000286102295, 1.25, 0.75199997425079346, 0.40000000596046448, 0.36000001430511475, 0.37999999523162842, 0.37000000476837158, 0.38999998569488525, 0.34000000357627869, 0.44999998807907104, 0.4699999988079071, 0.81000000238418579, 0.87999999523162842, 0.74000000953674316, 0.62000000476837158, 0.54000002145767212, 0.55000001192092896, 0.44999998807907104, 0.49000000953674316, 0.43000000715255737, 0.49000000953674316, 0.50999999046325684, 0.0, 0.0, 0.0, 0.0, 0.0, 0.0, 0.0, 0.0, 0.0, 0.0, 0.0, 0.0, 0.0, 0.0, 0.0, 0.0, 0.0, 0.0, 0.0, 0.0, 0.0, 0.0,
2.6429998874664307, 3.8199999332427979, 5.130000114440918, 5.2039999961853027, 3.309999942779541, 2.747999906539917, 1.3519999980926514, 1.0520000457763672, 1.4329999685287476, 0.91600000858306885, 0.85399997234344482, 0.81199997663497925, 0.70599997043609619, 1.1180000305175781, 1.2130000591278076, 0.96200001239776611, 0.49000000953674316, 0.40000000596046448, 0.37999999523162842, 0.40000000596046448, 0.4699999988079071, 0.41999998688697815, 0.43999999761581421, 0.73000001907348633, 0.67000001668930054, 0.60000002384185791, 0.68000000715255737, 0.5899999737739563, 0.55000001192092896, 0.50999999046325684, 0.44999998807907104, 0.43000000715255737, 0.49000000953674316, 0.51999998092651367, 0.47999998927116394, 0.47999998927116394, 0.69999998807907104, 0.0, 0.0, 0.0, 0.0, 0.0, 0.0, 0.0, 0.0, 0.0, 0.0, 0.0, 0.0, 0.0, 0.0, 0.0, 0.0, 0.0, 0.0, 0.0, 0.0, 0.0,
2.7709999084472656, 3.9019999504089355, 3.7100000381469727, 5.4699997901916504, 2.8180000782012939, 2.6749999523162842, 1.0499999523162842, 1.0720000267028809, 1.1289999485015869, 0.82599997520446777, 0.81599998474121094, 0.80199998617172241, 1.2430000305175781, 1.3070000410079956, 1.218000054359436, 0.55000001192092896, 0.47999998927116394, 0.47999998927116394, 0.44999998807907104, 0.44999998807907104, 0.46000000834465027, 0.49000000953674316, 0.6600000262260437, 0.8399999737739563, 0.79000002145767212, 0.75, 0.80000001192092896, 0.98000001907348633, 0.8399999737739563, 0.56000000238418579, 0.52999997138977051, 0.51999998092651367, 0.4699999988079071, 0.49000000953674316, 0.49000000953674316, 0.61000001430511475, 0.74000000953674316, 0.0, 0.0, 0.0, 0.0, 0.0, 0.0, 0.0, 0.0, 0.0, 0.0, 0.0, 0.0, 0.0, 0.0, 0.0, 0.0, 0.0, 0.0, 0.0, 0.0, 0.0,
2.6579999923706055, 2.7950000762939453, 4.1420001983642578, 5.5580000877380371, 3.1619999408721924, 2.1329998970031738, 1.1180000305175781, 0.84899997711181641, 1.1490000486373901, 0.89600002765655518, 1.4579999446868896, 2.065000057220459, 1.7289999723434448, 0.68999999761581421, 0.55000001192092896, 0.52999997138977051, 0.55000001192092896, 0.54000002145767212, 0.50999999046325684, 0.47999998927116394, 0.52999997138977051, 0.55000001192092896, 0.85000002384185791, 0.75, 0.8399999737739563, 0.67000001668930054, 0.70999997854232788, 0.70999997854232788, 0.92000001668930054, 1.0, 0.64999997615814209, 0.52999997138977051, 0.51999998092651367, 0.72000002861022949, 0.63999998569488525, 0.64999997615814209, 0.73000001907348633, 0.0, 0.0, 0.0, 0.0, 0.0, 0.0, 0.0, 0.0, 0.0, 0.0, 0.0, 0.0, 0.0, 0.0, 0.0, 0.0, 0.0, 0.0, 0.0, 0.0, 0.0,
2.4289999008178711, 2.4530000686645508, 4.6220002174377441, 5.5500001907348633, 3.3359999656677246, 1.8600000143051147, 1.0449999570846558, 1.0329999923706055, 1.3289999961853027, 2.1070001125335693, 2.0130000114440918, 2.1340000629425049, 0.86000001430511475, 0.73000001907348633, 0.64999997615814209, 0.63999998569488525, 0.64999997615814209, 0.60000002384185791, 0.64999997615814209, 0.62999999523162842, 0.57999998331069946, 0.5899999737739563, 0.82999998331069946, 0.89999997615814209, 0.97000002861022949, 0.72000002861022949, 0.6600000262260437, 0.70999997854232788, 0.77999997138977051, 0.93000000715255737, 0.88999998569488525, 0.52999997138977051, 0.57999998331069946, 0.64999997615814209, 0.63999998569488525, 0.5899999737739563, 0.70999997854232788, 0.0, 0.0, 0.0, 0.0, 0.0, 0.0, 0.0, 0.0, 0.0, 0.0, 0.0, 0.0, 0.0, 0.0, 0.0, 0.0, 0.0, 0.0, 0.0, 0.0, 0.0,
2.9739999771118164, 4.1059999465942383, 9.0069999694824219, 5.9629998207092285, 3.1210000514984131, 1.9589999914169312, 1.1929999589920044, 1.9550000429153442, 3.5130000114440918, 3.9769999980926514, 2.0820000171661377, 1.0, 0.9100000262260437, 0.80000001192092896, 0.87999999523162842, 1.0, 0.75, 0.75, 0.81999999284744263, 0.67000001668930054, 0.68000000715255737, 0.68999999761581421, 0.76999998092651367, 0.77999997138977051, 0.8399999737739563, 0.81000000238418579, 0.6600000262260437, 0.75, 0.77999997138977051, 0.86000001430511475, 1.1200000047683716, 0.56000000238418579, 0.50999999046325684, 0.75999999046325684, 0.61000001430511475, 0.74000000953674316, 1.2899999618530273, 0.0, 0.0, 0.0, 0.0, 0.0, 0.0, 0.0, 0.0, 0.0, 0.0, 0.0, 0.0, 0.0, 0.0, 0.0, 0.0, 0.0, 0.0, 0.0, 0.0, 0.0,
4.0809998512268066, 4.0869998931884766, 11.013999938964844, 7.4260001182556152, 2.4549999237060547, 1.6369999647140503, 2.0729999542236328, 2.7560000419616699, 4.494999885559082, 2.119999885559082, 1.4299999475479126, 1.2100000381469727, 1.1000000238418579, 0.95999997854232788, 0.95999997854232788, 1.0199999809265137, 0.9100000262260437, 0.95999997854232788, 0.9100000262260437, 0.80000001192092896, 1.1299999952316284, 1.2899999618530273, 1.1699999570846558, 0.80000001192092896, 0.72000002861022949, 0.89999997615814209, 0.89999997615814209, 0.74000000953674316, 0.79000002145767212, 1.0800000429153442, 0.81000000238418579, 0.56000000238418579, 0.54000002145767212, 0.62999999523162842, 0.60000002384185791, 0.72000002861022949, 0.85000002384185791, 0.0, 0.0, 0.0, 0.0, 0.0, 0.0, 0.0, 0.0, 0.0, 0.0, 0.0, 0.0, 0.0, 0.0, 0.0, 0.0, 0.0, 0.0, 0.0, 0.0, 0.0,
3.4779999256134033, 3.3069999217987061, 2.8059999942779541, 2.5499999523162842, 2.9460000991821289, 3.065000057220459, 3.8480000495910645, 4.685999870300293, 3.2999999523162842, 2.1500000953674316, 1.2400000095367432, 1.1399999856948853, 1.1499999761581421, 0.98000001907348633, 0.93000000715255737, 0.94999998807907104, 0.93999999761581421, 1.1299999952316284, 1.1499999761581421, 1.190000057220459, 1.190000057220459, 1.7599999904632568, 1.3899999856948853, 0.81000000238418579, 0.69999998807907104, 0.73000001907348633, 0.76999998092651367, 0.95999997854232788, 0.81999999284744263, 0.92000001668930054, 0.80000001192092896, 0.75999999046325684, 0.80000001192092896, 0.60000002384185791, 0.62999999523162842, 0.79000002145767212, 0.62999999523162842, 0.0, 0.0, 0.0, 0.0, 0.0, 0.0, 0.0, 0.0, 0.0, 0.0, 0.0, 0.0, 0.0, 0.0, 0.0, 0.0, 0.0, 0.0, 0.0, 0.0, 0.0,
4.4079999923706055, 2.6389999389648438, 2.2049999237060547, 2.0659999847412109, 2.8670001029968262, 2.8819999694824219, 6.6659998893737793, 3.2799999713897705, 2.7100000381469727, 1.440000057220459, 1.2300000190734863, 1.1299999952316284, 1.1599999666213989, 1.0900000333786011, 0.99000000953674316, 1.0199999809265137, 0.98000001907348633, 1.2300000190734863, 1.6299999952316284, 1.4299999475479126, 0.87999999523162842, 1.0499999523162842, 1.2999999523162842, 0.75999999046325684, 0.61000001430511475, 0.56999999284744263, 0.63999998569488525, 0.5899999737739563, 0.70999997854232788, 0.97000002861022949, 1.0800000429153442, 0.85000002384185791, 0.86000001430511475, 0.68000000715255737, 0.63999998569488525, 0.87999999523162842, 0.69999998807907104, 0.49000000953674316, 0.0, 0.0, 0.0, 0.0, 0.0, 0.0, 0.0, 0.0, 0.0, 0.0, 0.0, 0.0, 0.0, 0.0, 0.0, 0.0, 0.0, 0.0, 0.0, 0.0,
2.3870000839233398, 1.9520000219345093, 1.8700000047683716, 2.2179999351501465, 2.627000093460083, 1.1100000143051147, 1.3799999952316284, 2.2599999904632568, 1.9900000095367432, 1.2599999904632568, 1.2599999904632568, 1.1299999952316284, 1.0399999618530273, 1.0399999618530273, 1.0, 0.95999997854232788, 0.86000001430511475, 1.3300000429153442, 1.7899999618530273, 1.3500000238418579, 0.92000001668930054, 1.1299999952316284, 1.4199999570846558, 0.79000002145767212, 0.63999998569488525, 0.60000002384185791, 0.56999999284744263, 0.61000001430511475, 0.51999998092651367, 0.77999997138977051, 0.80000001192092896, 0.93000000715255737, 1.1599999666213989, 0.87999999523162842, 0.75999999046325684, 0.97000002861022949, 0.86000001430511475, 0.8399999737739563, 0.0, 0.0, 0.0, 0.0, 0.0, 0.0, 0.0, 0.0, 0.0, 0.0, 0.0, 0.0, 0.0, 0.0, 0.0, 0.0, 0.0, 0.0, 0.0, 0.0,
1.9160000085830688, 1.7239999771118164, 2.1310000419616699, 2.0039999485015869, 1.059999942779541, 1.1499999761581421, 1.2200000286102295, 1.4700000286102295, 1.5499999523162842, 1.190000057220459, 1.1299999952316284, 1.1200000047683716, 1.0299999713897705, 1.059999942779541, 1.0900000333786011, 0.99000000953674316, 0.94999998807907104, 1.190000057220459, 1.4199999570846558, 1.4600000381469727, 1.5499999523162842, 1.5499999523162842, 1.6599999666213989, 0.97000002861022949, 0.70999997854232788, 0.67000001668930054, 0.57999998331069946, 0.60000002384185791, 0.50999999046325684, 0.68000000715255737, 0.77999997138977051, 0.82999998331069946, 0.94999998807907104, 0.94999998807907104, 0.76999998092651367, 0.75, 1.0099999904632568, 1.0700000524520874, 0.0, 0.0, 0.0, 0.0, 0.0, 0.0, 0.0, 0.0, 0.0, 0.0, 0.0, 0.0, 0.0, 0.0, 0.0, 0.0, 0.0, 0.0, 0.0, 0.0,
1.5290000438690186, 1.4739999771118164, 1.4210000038146973, 0.85000002384185791, 1.3799999952316284, 1.2100000381469727, 1.1399999856948853, 1.1299999952316284, 1.2300000190734863, 1.1000000238418579, 1.2400000095367432, 1.3600000143051147, 1.1200000047683716, 1.3899999856948853, 1.6499999761581421, 1.2799999713897705, 1.3600000143051147, 1.559999942779541, 1.6299999952316284, 1.5499999523162842, 1.5299999713897705, 1.5399999618530273, 1.4299999475479126, 0.95999997854232788, 0.92000001668930054, 0.75, 0.62000000476837158, 0.5, 0.5, 0.51999998092651367, 0.61000001430511475, 0.69999998807907104, 0.89999997615814209, 0.81000000238418579, 0.81000000238418579, 0.75999999046325684, 1.0399999618530273, 1.0399999618530273, 1.1699999570846558, 0.0, 0.0, 0.0, 0.0, 0.0, 0.0, 0.0, 0.0, 0.0, 0.0, 0.0, 0.0, 0.0, 0.0, 0.0, 0.0, 0.0, 0.0, 0.0,
1.1139999628067017, 0.68999999761581421, 0.61000001430511475, 0.72000002861022949, 0.93999999761581421, 1.4500000476837158, 1.3500000238418579, 1.0499999523162842, 1.059999942779541, 0.95999997854232788, 1.190000057220459, 1.4900000095367432, 1.2100000381469727, 1.5800000429153442, 1.7899999618530273, 1.6599999666213989, 1.8300000429153442, 1.7300000190734863, 1.7100000381469727, 1.7400000095367432, 1.4299999475479126, 1.1699999570846558, 1.0, 0.86000001430511475, 0.76999998092651367, 0.79000002145767212, 0.64999997615814209, 0.56000000238418579, 0.54000002145767212, 0.56000000238418579, 0.49000000953674316, 0.56000000238418579, 0.8399999737739563, 0.8399999737739563, 0.81000000238418579, 0.81999999284744263, 1.0099999904632568, 1.2799999713897705, 0.97000002861022949, 0.0, 0.0, 0.0, 0.0, 0.0, 0.0, 0.0, 0.0, 0.0, 0.0, 0.0, 0.0, 0.0, 0.0, 0.0, 0.0, 0.0, 0.0, 0.0,
0.73000001907348633, 0.75, 0.76999998092651367, 0.54000002145767212, 0.76999998092651367, 0.92000001668930054, 1.0900000333786011, 0.86000001430511475, 0.86000001430511475, 0.87000000476837158, 1.1299999952316284, 1.2100000381469727, 1.3400000333786011, 1.1200000047683716, 1.2200000286102295, 1.2899999618530273, 1.4199999570846558, 1.4099999666213989, 1.4099999666213989, 1.5, 1.4500000476837158, 0.93999999761581421, 0.73000001907348633, 0.72000002861022949, 0.72000002861022949, 0.76999998092651367, 0.64999997615814209, 0.52999997138977051, 0.55000001192092896, 0.64999997615814209, 0.6600000262260437, 0.61000001430511475, 0.64999997615814209, 0.73000001907348633, 0.75999999046325684, 1.0199999809265137, 1.6299999952316284, 1.1399999856948853, 1.0900000333786011, 0.0, 0.0, 0.0, 0.0, 0.0, 0.0, 0.0, 0.0, 0.0, 0.0, 0.0, 0.0, 0.0, 0.0, 0.0, 0.0, 0.0, 0.0, 0.0,
0.81999999284744263, 0.75, 0.67000001668930054, 0.73000001907348633, 0.57999998331069946, 0.69999998807907104, 0.95999997854232788, 0.75999999046325684, 0.74000000953674316, 0.99000000953674316, 1.0399999618530273, 1.0099999904632568, 1.1599999666213989, 1.190000057220459, 1.1799999475479126, 1.0399999618530273, 1.1000000238418579, 1.0399999618530273, 0.93000000715255737, 0.99000000953674316, 1.2100000381469727, 0.73000001907348633, 0.50999999046325684, 0.50999999046325684, 0.56000000238418579, 0.55000001192092896, 0.47999998927116394, 0.43999999761581421, 0.56000000238418579, 0.75, 0.74000000953674316, 0.61000001430511475, 0.56000000238418579, 0.57999998331069946, 0.72000002861022949, 0.9100000262260437, 1.3899999856948853, 1.1000000238418579, 0.85000002384185791, 0.0, 0.0, 0.0, 0.0, 0.0, 0.0, 0.0, 0.0, 0.0, 0.0, 0.0, 0.0, 0.0, 0.0, 0.0, 0.0, 0.0, 0.0, 0.0,
1.0700000524520874, 0.74000000953674316, 0.68999999761581421, 0.56999999284744263, 0.67000001668930054, 0.87000000476837158, 0.81000000238418579, 0.76999998092651367, 1.1299999952316284, 1.4600000381469727, 1.0499999523162842, 1.0900000333786011, 1.1699999570846558, 1.1399999856948853, 0.97000002861022949, 0.77999997138977051, 0.67000001668930054, 0.57999998331069946, 0.75999999046325684, 0.68000000715255737, 0.75, 0.57999998331069946, 0.52999997138977051, 0.51999998092651367, 0.72000002861022949, 0.67000001668930054, 0.52999997138977051, 0.47999998927116394, 0.55000001192092896, 0.82999998331069946, 0.64999997615814209, 0.50999999046325684, 0.52999997138977051, 0.52999997138977051, 0.61000001430511475, 0.81000000238418579, 0.76999998092651367, 0.81000000238418579, 0.0, 0.0, 0.0, 0.0, 0.0, 0.0, 0.0, 0.0, 0.0, 0.0, 0.0, 0.0, 0.0, 0.0, 0.0, 0.0, 0.0, 0.0, 0.0, 0.0,
0.93000000715255737, 0.75999999046325684, 0.74000000953674316, 0.75999999046325684, 0.77999997138977051, 0.93000000715255737, 0.87000000476837158, 0.75999999046325684, 1.25, 1.5, 1.2200000286102295, 1.1299999952316284, 0.8399999737739563, 0.97000002861022949, 1.0499999523162842, 0.62999999523162842, 0.62000000476837158, 0.51999998092651367, 0.56999999284744263, 0.5, 0.61000001430511475, 0.6600000262260437, 0.52999997138977051, 0.62000000476837158, 0.9100000262260437, 0.81000000238418579, 0.5, 0.5, 0.49000000953674316, 0.89999997615814209, 0.56999999284744263, 0.41999998688697815, 0.43999999761581421, 0.51999998092651367, 0.5899999737739563, 0.0, 0.0, 0.0, 0.0, 0.0, 0.0, 0.0, 0.0, 0.0, 0.0, 0.0, 0.0, 0.0, 0.0, 0.0, 0.0, 0.0, 0.0, 0.0, 0.0, 0.0, 0.0, 0.0,
0.55000001192092896, 0.72000002861022949, 1.1699999570846558, 1.059999942779541, 0.87000000476837158, 0.81000000238418579, 0.69999998807907104, 0.75, 0.68000000715255737, 0.62000000476837158, 0.67000001668930054, 0.75, 0.87000000476837158, 1.0199999809265137, 0.93999999761581421, 0.69999998807907104, 0.56999999284744263, 0.5, 0.56999999284744263, 0.50999999046325684, 0.76999998092651367, 0.73000001907348633, 0.57999998331069946, 0.55000001192092896, 0.74000000953674316, 0.49000000953674316, 0.40000000596046448, 0.36000001430511475, 0.36000001430511475, 0.37999999523162842, 0.37999999523162842, 0.44999998807907104, 0.56000000238418579, 0.56000000238418579, 0.5899999737739563, 0.0, 0.0, 0.0, 0.0, 0.0, 0.0, 0.0, 0.0, 0.0, 0.0, 0.0, 0.0, 0.0, 0.0, 0.0, 0.0, 0.0, 0.0, 0.0, 0.0, 0.0, 0.0, 0.0,
