MRPI/JupyterNotebooks/sm.asc
NCOLS 310
NROWS 350
XLLCORNER -124.90625
YLLCORNER 31.09375
CELLSIZE 0.0625
NODATA_VALUE = -9999
[rows 260 to 285 of 350, columns 0 to 57 of 310]
.0, 0.0, 0.0, 0.0, 0.0, 0.0, 0.0, 0.0, 1.25, 1.2599999904632568, 1.3400000333786011, 1.3500000238418579, 1.2699999809265137, 1.2699999809265137, 1.3600000143051147, 1.3600000143051147, 2.0799999237060547, 2.0899999141693115, 2.309999942779541, 2.3299999237060547, 2.7300000190734863, 2.7899999618530273, 2.2100000381469727, 2.2200000286102295, 1.7799999713897705, 1.809999942779541, 1.4700000286102295, 1.4800000190734863, 0.0, 0.0, 0.99000000953674316, 0.98000001907348633, 0.88999998569488525, 0.88999998569488525, 0.75, 0.75999999046325684, 0.62000000476837158, 0.62999999523162842, 0.0, 0.0, 0.62000000476837158, 0.60000002384185791, 0.67000001668930054, 0.67000001668930054, 0.69999998807907104, 0.68999999761581421, 0.89999997615814209, 0.88999998569488525, 1.1200000047683716, 1.1499999761581421, 1.3300000429153442, 1.3500000238418579, 1.6499999761581421, 1.6599999666213989, 1.7400000095367432, 1.7400000095367432, 1.4099999666213989, 1.4099999666213989,
.0, 0.0, 0.0, 0.0, 0.0, 0.0, 0.0, 0.0, 1.3500000238418579, 1.3600000143051147, 1.4299999475479126, 1.4199999570846558, 1.3200000524520874, 1.309999942779541, 1.3600000143051147, 1.3899999856948853, 2.0299999713897705, 2.0699999332427979, 2.2599999904632568, 2.3199999332427979, 2.7000000476837158, 2.7599999904632568, 2.190000057220459, 2.1800000667572021, 1.7899999618530273, 1.7999999523162842, 1.4600000381469727, 1.4700000286102295, 0.0, 0.0, 0.94999998807907104, 0.95999997854232788, 0.88999998569488525, 0.88999998569488525, 0.79000002145767212, 0.76999998092651367, 0.63999998569488525, 0.63999998569488525, 0.0, 0.0, 0.60000002384185791, 0.60000002384185791, 0.77999997138977051, 0.75999999046325684, 0.75999999046325684, 0.81000000238418579, 1.0499999523162842, 0.88999998569488525, 1.1200000047683716, 1.1000000238418579, 1.2699999809265137, 1.3300000429153442, 1.5700000524520874, 1.6299999952316284, 1.7000000476837158, 1.6799999475479126, 1.3700000047683716, 1.2899999618530273,
.0, 0.0, 0.0, 0.0, 0.0, 0.0, 0.0, 0.0, 1.3899999856948853, 1.3999999761581421, 1.4600000381469727, 1.4600000381469727, 1.7899999618530273, 1.75, 2.369999885559082, 2.5099999904632568, 2.4200000762939453, 2.369999885559082, 2.4500000476837158, 2.440000057220459, 3.4000000953674316, 3.4700000286102295, 2.619999885559082, 2.630000114440918, 2.1700000762939453, 2.2200000286102295, 1.6799999475479126, 1.690000057220459, 1.1599999666213989, 1.1799999475479126, 1.0199999809265137, 1.0199999809265137, 1.0, 0.98000001907348633, 0.81999999284744263, 0.8399999737739563, 0.0, 0.0, 0.0, 0.0, 0.6600000262260437, 0.6600000262260437, 0.73000001907348633, 0.73000001907348633, 0.82999998331069946, 0.82999998331069946, 0.92000001668930054, 0.94999998807907104, 1.0299999713897705, 1.0299999713897705, 1.5299999713897705, 1.5499999523162842, 1.6399999856948853, 1.6100000143051147, 1.75, 1.8400000333786011, 2.059999942779541, 2.0,
.0, 0.0, 0.0, 0.0, 0.0, 0.0, 0.0, 0.0, 1.4700000286102295, 1.4700000286102295, 1.5399999618530273, 1.5299999713897705, 1.8700000047683716, 1.8500000238418579, 2.5499999523162842, 2.5799999237060547, 2.440000057220459, 2.4600000381469727, 2.5499999523162842, 2.5, 3.380000114440918, 3.5, 2.619999885559082, 2.6700000762939453, 2.2000000476837158, 2.2699999809265137, 1.7100000381469727, 1.7300000190734863, 1.2000000476837158, 1.2200000286102295, 1.0900000333786011, 1.0800000429153442, 1.0299999713897705, 1.0199999809265137, 0.85000002384185791, 0.87000000476837158, 0.0, 0.0, 0.0, 0.0, 0.55000001192092896, 0.56999999284744263, 0.75999999046325684, 0.74000000953674316, 0.86000001430511475, 0.8399999737739563, 0.94999998807907104, 0.93000000715255737, 1.0099999904632568, 1.0299999713897705, 1.5299999713897705, 1.5199999809265137, 1.6000000238418579, 1.6299999952316284, 1.75, 1.7899999618530273, 2.0099999904632568, 2.0199999809265137,
.0, 0.0, 0.0, 0.0, 0.0, 0.0, 0.0, 0.0, 1.6399999856948853, 1.6399999856948853, 1.7000000476837158, 1.7000000476837158, 1.9500000476837158, 1.940000057220459, 2.1700000762939453, 2.190000057220459, 2.869999885559082, 2.880000114440918, 3.0, 2.9900000095367432, 3.3599998950958252, 3.369999885559082, 2.9900000095367432, 2.9500000476837158, 1.7699999809265137, 1.7899999618530273, 1.3500000238418579, 1.3500000238418579, 1.2200000286102295, 1.2400000095367432, 1.0, 1.0, 0.0, 0.0, 0.70999997854232788, 0.70999997854232788, 0.0, 0.0, 0.0, 0.0, 0.61000001430511475, 0.60000002384185791, 0.63999998569488525, 0.63999998569488525, 0.74000000953674316, 0.72000002861022949, 0.73000001907348633, 0.72000002861022949, 0.95999997854232788, 0.97000002861022949, 1.2699999809265137, 1.2599999904632568, 1.5, 1.4900000095367432, 1.5299999713897705, 1.559999942779541, 1.6200000047683716, 1.6100000143051147,
.0, 0.0, 0.0, 0.0, 0.0, 0.0, 0.0, 0.0, 1.6299999952316284, 1.6100000143051147, 1.6599999666213989, 1.6499999761581421, 1.8799999952316284, 1.8799999952316284, 2.1500000953674316, 2.2000000476837158, 2.7799999713897705, 2.7899999618530273, 2.9900000095367432, 3.0199999809265137, 3.3399999141693115, 3.3299999237060547, 3.0299999713897705, 3.130000114440918, 1.7300000190734863, 1.7899999618530273, 1.3300000429153442, 1.3799999952316284, 1.2400000095367432, 1.2599999904632568, 1.0, 0.93000000715255737, 0.0, 0.0, 0.89999997615814209, 0.87000000476837158, 0.0, 0.0, 0.0, 0.0, 0.60000002384185791, 0.61000001430511475, 0.64999997615814209, 0.63999998569488525, 0.70999997854232788, 0.70999997854232788, 0.69999998807907104, 0.69999998807907104, 0.94999998807907104, 0.95999997854232788, 1.2799999713897705, 1.2699999809265137, 1.4600000381469727, 1.5199999809265137, 1.5199999809265137, 1.5499999523162842, 1.6100000143051147, 1.6299999952316284,
.0, 0.0, 0.0, 0.0, 0.0, 0.0, 1.5299999713897705, 1.5099999904632568, 1.5, 1.5299999713897705, 1.7100000381469727, 1.6799999475479126, 2.0199999809265137, 2.0199999809265137, 2.3199999332427979, 2.2599999904632568, 3.0099999904632568, 3.0799999237060547, 3.190000057220459, 3.2300000190734863, 2.5, 2.5799999237060547, 2.1099998950958252, 2.0999999046325684, 1.7699999809265137, 1.7799999713897705, 1.5, 1.5, 1.2200000286102295, 1.2300000190734863, 0.99000000953674316, 0.98000001907348633, 0.0, 0.0, 0.0, 0.0, 0.0, 0.0, 0.0, 0.0, 0.6600000262260437, 0.6600000262260437, 0.70999997854232788, 0.68999999761581421, 0.73000001907348633, 0.70999997854232788, 0.86000001430511475, 0.85000002384185791, 1.1000000238418579, 1.059999942779541, 1.2599999904632568, 1.2699999809265137, 1.4900000095367432, 1.4099999666213989, 1.7100000381469727, 1.8400000333786011, 1.6000000238418579, 1.6499999761581421,
.0, 0.0, 0.0, 0.0, 0.0, 0.0, 1.5, 1.4800000190734863, 1.4800000190734863, 1.5099999904632568, 1.7300000190734863, 1.690000057220459, 2.0, 2.0199999809265137, 2.2799999713897705, 2.2300000190734863, 3.0399999618530273, 3.1400001049041748, 3.2799999713897705, 3.309999942779541, 2.5, 2.4200000762939453, 2.0799999237060547, 1.9900000095367432, 1.6599999666213989, 1.6499999761581421, 1.309999942779541, 1.3700000047683716, 1.1699999570846558, 1.1699999570846558, 1.1699999570846558, 1.1799999475479126, 0.0, 0.0, 0.0, 0.0, 0.0, 0.0, 0.0, 0.0, 0.63999998569488525, 0.63999998569488525, 0.68000000715255737, 0.68000000715255737, 0.72000002861022949, 0.70999997854232788, 0.86000001430511475, 0.85000002384185791, 1.0800000429153442, 1.0700000524520874, 1.2999999523162842, 1.25, 1.5099999904632568, 1.4700000286102295, 1.809999942779541, 1.8300000429153442, 1.6499999761581421, 1.690000057220459,
.0, 0.0, 0.0, 0.0, 1.3300000429153442, 1.3400000333786011, 1.5399999618530273, 1.5, 1.5700000524520874, 1.559999942779541, 1.6699999570846558, 1.6799999475479126, 2.130000114440918, 1.9900000095367432, 2.1800000667572021, 2.190000057220459, 2.1500000953674316, 2.2300000190734863, 1.7300000190734863, 1.7300000190734863, 1.4900000095367432, 1.5199999809265137, 1.3600000143051147, 1.4299999475479126, 1.2999999523162842, 1.3500000238418579, 1.190000057220459, 1.2799999713897705, 1.5499999523162842, 1.559999942779541, 0.97000002861022949, 0.98000001907348633, 0.6600000262260437, 0.67000001668930054, 0.0, 0.0, 0.0, 0.0, 0.51999998092651367, 0.56000000238418579, 0.0, 0.0, 0.6600000262260437, 0.67000001668930054, 0.75, 0.75, 0.8399999737739563, 0.85000002384185791, 1.0, 0.99000000953674316, 1.3700000047683716, 1.3799999952316284, 1.6699999570846558, 1.7100000381469727, 1.7100000381469727, 1.690000057220459, 1.6599999666213989, 1.6499999761581421,
.0, 0.0, 0.0, 0.0, 1.2599999904632568, 1.2699999809265137, 1.4600000381469727, 1.440000057220459, 1.4600000381469727, 1.5099999904632568, 1.6200000047683716, 1.6299999952316284, 2.059999942779541, 2.0, 2.2300000190734863, 2.2200000286102295, 2.2599999904632568, 2.2300000190734863, 1.7100000381469727, 1.6799999475479126, 1.4600000381469727, 1.4600000381469727, 1.3600000143051147, 1.4099999666213989, 1.2999999523162842, 1.3200000524520874, 1.5700000524520874, 1.5700000524520874, 1.5, 1.4700000286102295, 0.93000000715255737, 0.95999997854232788, 0.6600000262260437, 0.6600000262260437, 0.0, 0.0, 0.0, 0.0, 0.43000000715255737, 0.52999997138977051, 0.0, 0.0, 0.67000001668930054, 0.67000001668930054, 0.72000002861022949, 0.73000001907348633, 0.87000000476837158, 0.86000001430511475, 1.0299999713897705, 1.0299999713897705, 1.3899999856948853, 1.3899999856948853, 1.6200000047683716, 1.6799999475479126, 1.6599999666213989, 1.690000057220459, 1.6599999666213989, 1.6599999666213989,
.0, 0.0, 0.0, 0.0, 1.3500000238418579, 1.3400000333786011, 1.3999999761581421, 1.3999999761581421, 1.4500000476837158, 1.440000057220459, 1.4099999666213989, 1.3999999761581421, 1.6200000047683716, 1.6399999856948853, 1.4199999570846558, 1.4099999666213989, 1.2300000190734863, 1.2200000286102295, 1.1499999761581421, 1.1399999856948853, 1.1100000143051147, 1.1000000238418579, 0.81999999284744263, 0.82999998331069946, 0.64999997615814209, 0.63999998569488525, 0.4699999988079071, 0.43999999761581421, 0.44999998807907104, 0.44999998807907104, 0.51999998092651367, 0.56000000238418579, 0.46000000834465027, 0.44999998807907104, 0.0, 0.0, 0.37000000476837158, 0.46000000834465027, 0.0, 0.0, 0.0, 0.0, 0.60000002384185791, 0.5899999737739563, 0.73000001907348633, 0.73000001907348633, 1.0099999904632568, 1.0199999809265137, 1.5499999523162842, 1.5499999523162842, 1.6599999666213989, 1.7000000476837158, 1.6299999952316284, 1.690000057220459, 1.7000000476837158, 1.7300000190734863, 1.6499999761581421, 1.5900000333786011,
.0, 0.0, 0.0, 0.0, 1.3500000238418579, 1.3400000333786011, 1.4199999570846558, 1.3999999761581421, 1.4099999666213989, 1.4199999570846558, 1.4099999666213989, 1.4299999475479126, 1.6399999856948853, 1.6599999666213989, 1.4299999475479126, 1.4600000381469727, 1.1699999570846558, 1.2000000476837158, 1.1299999952316284, 1.1599999666213989, 1.5, 1.4800000190734863, 1.0499999523162842, 1.059999942779541, 0.62999999523162842, 0.63999998569488525, 0.46000000834465027, 0.44999998807907104, 0.44999998807907104, 0.44999998807907104, 0.50999999046325684, 0.55000001192092896, 0.43000000715255737, 0.43999999761581421, 0.0, 0.0, 0.46000000834465027, 0.34999999403953552, 0.0, 0.0, 0.0, 0.0, 0.60000002384185791, 0.62000000476837158, 0.75, 0.75999999046325684, 1.0199999809265137, 1.0, 1.5199999809265137, 1.559999942779541, 1.75, 1.7200000286102295, 1.6200000047683716, 1.6299999952316284, 1.6699999570846558, 1.7000000476837158, 1.6299999952316284, 1.6299999952316284,
.0, 0.0, 0.0, 0.0, 1.4099999666213989, 1.4099999666213989, 1.4299999475479126, 1.4099999666213989, 1.3799999952316284, 1.3799999952316284, 1.2100000381469727, 1.2100000381469727, 0.0, 0.0, 0.0, 0.0, 0.0, 0.0, 0.0, 0.0, 0.0, 0.0, 0.0, 0.0, 0.0, 0.0, 0.0, 0.0, 0.0, 0.0, 0.0, 0.0, 0.0, 0.0, 0.31000000238418579, 0.33000001311302185, 0.0, 0.0, 0.0, 0.0, 0.70999997854232788, 0.70999997854232788, 0.72000002861022949, 0.70999997854232788, 0.9100000262260437, 0.89999997615814209, 1.5099999904632568, 1.4900000095367432, 1.9900000095367432, 2.0199999809265137, 1.8999999761581421, 1.8999999761581421, 1.6599999666213989, 1.6399999856948853, 1.6499999761581421, 1.6599999666213989, 1.8200000524520874, 1.809999942779541,
.0, 0.0, 0.0, 0.0, 1.3999999761581421, 1.3999999761581421, 1.4299999475479126, 1.4299999475479126, 1.4099999666213989, 1.3700000047683716, 1.190000057220459, 1.2200000286102295, 0.0, 0.0, 0.0, 0.0, 0.0, 0.0, 0.0, 0.0, 0.0, 0.0, 0.0, 0.0, 0.0, 0.0, 0.0, 0.0, 0.0, 0.0, 0.0, 0.0, 0.0, 0.0, 0.34000000357627869, 0.34999999403953552, 0.0, 0.0, 0.0, 0.0, 0.68999999761581421, 0.69999998807907104, 0.72000002861022949, 0.72000002861022949, 0.93000000715255737, 0.9100000262260437, 1.5199999809265137, 1.5, 2.0, 2.0399999618530273, 1.8700000047683716, 1.809999942779541, 1.6699999570846558, 1.6699999570846558, 1.7100000381469727, 1.7000000476837158, 1.8300000429153442, 1.8200000524520874,
.0, 0.0, 0.0, 0.0, 1.5, 1.5, 0.0, 0.0, 0.0, 0.0, 0.0, 0.0, 0.0, 0.0, 0.0, 0.0, 0.0, 0.0, 0.0, 0.0, 0.0, 0.0, 0.0, 0.0, 0.0, 0.0, 0.0, 0.0, 0.0, 0.0, 0.0, 0.0, 0.0, 0.0, 0.0, 0.0, 0.41999998688697815, 0.40999999642372131, 0.0, 0.0, 0.63999998569488525, 0.67000001668930054, 0.81000000238418579, 0.82999998331069946, 1.2200000286102295, 1.2000000476837158, 1.5499999523162842, 1.559999942779541, 1.7100000381469727, 1.7000000476837158, 1.4900000095367432, 1.4700000286102295, 1.4199999570846558, 1.5099999904632568, 1.7699999809265137, 1.7899999618530273, 1.75, 1.8200000524520874,
.0, 0.0, 0.0, 0.0, 1.4800000190734863, 1.4700000286102295, 0.0, 0.0, 0.0, 0.0, 0.0, 0.0, 0.0, 0.0, 0.0, 0.0, 0.0, 0.0, 0.0, 0.0, 0.0, 0.0, 0.0, 0.0, 0.0, 0.0, 0.0, 0.0, 0.0, 0.0, 0.0, 0.0, 0.0, 0.0, 0.0, 0.0, 0.41999998688697815, 0.43999999761581421, 0.0, 0.0, 0.67000001668930054, 0.6600000262260437, 0.77999997138977051, 0.81999999284744263, 1.190000057220459, 1.190000057220459, 1.5700000524520874, 1.6000000238418579, 1.7599999904632568, 1.7000000476837158, 1.5299999713897705, 1.5099999904632568, 1.4900000095367432, 1.4800000190734863, 1.7200000286102295, 1.7699999809265137, 1.8500000238418579, 1.8899999856948853,
.0, 0.0, 0.0, 0.0, 0.0, 0.0, 0.0, 0.0, 0.0, 0.0, 0.0, 0.0, 0.0, 0.0, 0.0, 0.0, 0.0, 0.0, 0.0, 0.0, 0.0, 0.0, 0.0, 0.0, 0.0, 0.0, 0.0, 0.0, 0.0, 0.0, 0.0, 0.0, 0.0, 0.0, 0.0, 0.0, 0.0, 0.0, 0.50999999046325684, 0.5, 0.61000001430511475, 0.56999999284744263, 0.8399999737739563, 0.87000000476837158, 1.3899999856948853, 1.440000057220459, 2.3199999332427979, 2.3900001049041748, 1.9800000190734863, 2.0099999904632568, 1.7699999809265137, 1.7899999618530273, 1.4199999570846558, 1.4500000476837158, 1.7599999904632568, 1.7599999904632568, 2.0299999713897705, 2.0899999141693115,
.0, 0.0, 0.0, 0.0, 0.0, 0.0, 0.0, 0.0, 0.0, 0.0, 0.0, 0.0, 0.0, 0.0, 0.0, 0.0, 0.0, 0.0, 0.0, 0.0, 0.0, 0.0, 0.0, 0.0, 0.0, 0.0, 0.0, 0.0, 0.0, 0.0, 0.0, 0.0, 0.0, 0.0, 0.0, 0.0, 0.0, 0.0, 0.5, 0.5, 0.57999998331069946, 0.56999999284744263, 0.8399999737739563, 0.8399999737739563, 1.3999999761581421, 1.4500000476837158, 2.2200000286102295, 2.2999999523162842, 1.9600000381469727, 1.9700000286102295, 1.7300000190734863, 1.75, 1.4600000381469727, 1.4900000095367432, 1.7799999713897705, 1.7899999618530273, 2.0999999046325684, 2.1099998950958252,
.0, 0.0, 0.0, 0.0, 0.0, 0.0, 0.0, 0.0, 0.0, 0.0, 0.0, 0.0, 0.0, 0.0, 0.0, 0.0, 0.0, 0.0, 0.0, 0.0, 0.0, 0.0, 0.0, 0.0, 0.0, 0.0, 0.0, 0.0, 0.57999998331069946, 0.56999999284744263, 0.0, 0.0, 0.0, 0.0, 0.0, 0.0, 0.0, 0.0, 0.0, 0.0, 0.68000000715255737, 0.68999999761581421, 0.99000000953674316, 1.0, 1.1200000047683716, 1.1299999952316284, 1.6499999761581421, 1.6799999475479126, 1.3799999952316284, 1.4099999666213989, 1.75, 1.7400000095367432, 2.5499999523162842, 2.619999885559082, 1.75, 1.7699999809265137, 2.0299999713897705, 1.9600000381469727,
.0, 0.0, 0.0, 0.0, 0.0, 0.0, 0.0, 0.0, 0.0, 0.0, 0.0, 0.0, 0.0, 0.0, 0.0, 0.0, 0.0, 0.0, 0.0, 0.0, 0.0, 0.0, 0.0, 0.0, 0.0, 0.0, 0.0, 0.0, 0.62999999523162842, 0.4699999988079071, 0.0, 0.0, 0.0, 0.0, 0.0, 0.0, 0.0, 0.0, 0.0, 0.0, 0.69999998807907104, 0.70999997854232788, 1.0399999618530273, 1.0299999713897705, 1.1399999856948853, 1.1499999761581421, 1.6499999761581421, 1.7000000476837158, 1.4099999666213989, 1.4199999570846558, 1.7699999809265137, 1.7999999523162842, 2.630000114440918, 2.7300000190734863, 1.7899999618530273, 1.7799999713897705, 1.9299999475479126, 2.0,
.0, 0.0, 0.0, 0.0, 0.0, 0.0, 0.0, 0.0, 0.0, 0.0, 0.0, 0.0, 0.0, 0.0, 0.0, 0.0, 0.0, 0.0, 0.0, 0.0, 0.0, 0.0, 0.0, 0.0, 0.0, 0.0, 0.0, 0.0, 0.0, 0.0, 0.0, 0.0, 0.0, 0.0, 0.0, 0.0, 0.0, 0.0, 1.1100000143051147, 1.0700000524520874, 1.1699999570846558, 1.1799999475479126, 1.1699999570846558, 1.2200000286102295, 1.9500000476837158, 2.0399999618530273, 2.2699999809265137, 2.3199999332427979, 2.1700000762939453, 2.2300000190734863, 2.4100000858306885, 2.4100000858306885, 3.4900000095367432, 3.6400001049041748, 3.5699999332427979, 3.4000000953674316, 2.059999942779541, 2.1400001049041748,
.0, 0.0, 0.0, 0.0, 0.0, 0.0, 0.0, 0.0, 0.0, 0.0, 0.0, 0.0, 0.0, 0.0, 0.0, 0.0, 0.0, 0.0, 0.0, 0.0, 0.0, 0.0, 0.0, 0.0, 0.0, 0.0, 0.0, 0.0, 0.0, 0.0, 0.0, 0.0, 0.0, 0.0, 0.0, 0.0, 0.0, 0.0, 1.1000000238418579, 1.1000000238418579, 1.1699999570846558, 1.2000000476837158, 1.1499999761581421, 1.2200000286102295, 1.9600000381469727, 2.0699999332427979, 2.2899999618530273, 2.369999885559082, 2.2300000190734863, 2.25, 2.4300000667572021, 2.4700000286102295, 3.5699999332427979, 3.6700000762939453, 3.6400001049041748, 3.4700000286102295, 2.1099998950958252, 2.190000057220459,
.0, 0.0, 0.0, 0.0, 0.0, 0.0, 0.0, 0.0, 0.0, 0.0, 0.0, 0.0, 0.0, 0.0, 0.0, 0.0, 0.0, 0.0, 0.0, 0.0, 0.0, 0.0, 0.0, 0.0, 0.0, 0.0, 0.0, 0.0, 0.0, 0.0, 0.0, 0.0, 0.0, 0.0, 0.61000001430511475, 0.61000001430511475, 0.61000001430511475, 0.61000001430511475, 0.8399999737739563, 0.82999998331069946, 1.25, 1.2699999809265137, 1.1499999761581421, 1.1699999570846558, 1.8899999856948853, 1.8500000238418579, 2.2300000190734863, 2.309999942779541, 3.0899999141693115, 3.0199999809265137, 2.369999885559082, 2.4800000190734863, 2.0, 2.0299999713897705, 2.9800000190734863, 3.0299999713897705, 2.2300000190734863, 2.25,
.0, 0.0, 0.0, 0.0, 0.0, 0.0, 0.0, 0.0, 0.0, 0.0, 0.0, 0.0, 0.0, 0.0, 0.0, 0.0, 0.0, 0.0, 0.0, 0.0, 0.0, 0.0, 0.0, 0.0, 0.0, 0.0, 0.0, 0.0, 0.0, 0.0, 0.0, 0.0, 0.0, 0.0, 0.62999999523162842, 0.62999999523162842, 0.62000000476837158, 0.62999999523162842, 0.85000002384185791, 0.87000000476837158, 1.3300000429153442, 1.3500000238418579, 1.1499999761581421, 1.1699999570846558, 1.9299999475479126, 1.9500000476837158, 2.2000000476837158, 2.3199999332427979, 3.0699999332427979, 3.190000057220459, 2.369999885559082, 2.5099999904632568, 1.9500000476837158, 1.9800000190734863, 3.0099999904632568, 3.0799999237060547, 2.25, 2.2999999523162842,
.0, 0.0, 0.0, 0.0, 0.0, 0.0, 0.0, 0.0, 0.0, 0.0, 0.0, 0.0, 0.0, 0.0, 0.0, 0.0, 0.0, 0.0, 0.0, 0.0, 0.0, 0.0, 0.0, 0.0, 0.0, 0.0, 0.0, 0.0, 0.0, 0.0, 0.0, 0.0, 0.0, 0.0, 0.74000000953674316, 0.75999999046325684, 0.75999999046325684, 0.76999998092651367, 0.86000001430511475, 0.87999999523162842, 1.1299999952316284, 1.1599999666213989, 1.4199999570846558, 1.4500000476837158, 1.5099999904632568, 1.559999942779541, 1.7000000476837158, 1.6499999761581421, 1.7699999809265137, 1.8899999856948853, 1.7999999523162842, 1.75, 1.7300000190734863, 1.7699999809265137, 1.9500000476837158, 1.9700000286102295, 2.6800000667572021, 2.7200000286102295,
.0, 0.0, 0.0, 0.0, 0.0, 0.0, 0.0, 0.0, 0.0, 0.0, 0.0, 0.0, 0.0, 0.0, 0.0, 0.0, 0.0, 0.0, 0.0, 0.0, 0.0, 0.0, 0.0, 0.0, 0.0, 0.0, 0.0, 0.0, 0.0, 0.0, 0.0, 0.0, 0.0, 0.0, 0.74000000953674316, 0.75, 0.75, 0.75999999046325684, 0.86000001430511475, 0.87999999523162842, 1.0800000429153442, 1.1100000143051147, 1.4299999475479126, 1.4700000286102295, 1.5399999618530273, 1.6200000047683716, 1.7400000095367432, 1.75, 1.8700000047683716, 1.9299999475479126, 1.8300000429153442, 1.8300000429153442, 1.7799999713897705, 1.8200000524520874, 1.9900000095367432, 2.0099999904632568, 2.7300000190734863, 2.7799999713897705,
