MRPI/JupyterNotebooks/sm.asc
NCOLS 310
NROWS 350
XLLCORNER -124.84375
YLLCORNER 31.15625
CELLSIZE 0.0625
NODATA_VALUE = -9999
[rows 140 to 159 of 350, columns 180 to 224 of 310]
2.6477999687194824, 2.6110000610351562, 2.3606998920440674, 7.9893999099731445, 3.9779000282287598, 3.6517000198364258, 13.98960018157959, 16.786600112915039, 18.484600067138672, 13.393799781799316, 9.8533000946044922, 13.623700141906738, 12.508299827575684, 13.078499794006348, 15.695899963378906, 16.619899749755859, 16.564199447631836, 16.856899261474609, 19.887699127197266, 20.056999206542969, 19.849899291992188, 18.899299621582031, 19.884199142456055, 20.791500091552734, 21.990900039672852, 19.710899353027344, 18.040399551391602, 18.108100891113281, 19.975500106811523, 21.170700073242188, 21.417499542236328, 20.800300598144531, 19.574499130249023, 18.86400032043457, 18.813600540161133, 20.633699417114258, 21.842599868774414, 22.697599411010742, 22.904199600219727, 23.453399658203125, 23.69890022277832, 41.164100646972656, 115.61489868164062, 116.09420013427734, 108.12339782714844,
2.8845999240875244, 2.8422999382019043, 2.2030000686645508, 2.338900089263916, 1.7994999885559082, 1.4306999444961548, 8.0410003662109375, 17.718999862670898, 17.33289909362793, 9.9806995391845703, 6.4078001976013184, 10.745599746704102, 10.887800216674805, 12.12969970703125, 16.170600891113281, 15.51140022277832, 17.08329963684082, 21.220600128173828, 20.691200256347656, 18.528299331665039, 19.850299835205078, 19.468299865722656, 21.057300567626953, 21.081899642944336, 20.451400756835938, 19.246000289916992, 17.240100860595703, 16.346200942993164, 18.399900436401367, 20.240100860595703, 21.093900680541992, 20.99690055847168, 19.77239990234375, 18.723499298095703, 19.653299331665039, 20.424999237060547, 21.898099899291992, 22.515199661254883, 22.794200897216797, 23.322399139404297, 23.58799934387207, 49.888999938964844, 114.09459686279297, 104.18049621582031, 108.37940216064453,
2.6013998985290527, 2.1682999134063721, 2.3148000240325928, 2.0697000026702881, 1.8314000368118286, 1.0254000425338745, 2.4865999221801758, 7.8400998115539551, 9.1288995742797852, 13.396200180053711, 14.498600006103516, 13.178199768066406, 11.103599548339844, 12.013400077819824, 15.274600028991699, 16.534000396728516, 17.811300277709961, 17.880300521850586, 18.345399856567383, 18.611000061035156, 18.63640022277832, 18.580499649047852, 20.959999084472656, 19.058599472045898, 16.399299621582031, 17.571699142456055, 16.480899810791016, 16.359500885009766, 19.308399200439453, 18.007699966430664, 17.504299163818359, 20.543500900268555, 20.679399490356445, 19.341899871826172, 20.993400573730469, 21.273899078369141, 21.971399307250977, 22.505300521850586, 22.960599899291992, 23.755399703979492, 23.92970085144043, 50.119400024414062, 116.89099884033203, 106.48519897460938, 108.36830139160156,
2.8341000080108643, 2.3494999408721924, 2.3387999534606934, 1.9976999759674072, 5.1904997825622559, 17.673299789428711, 16.621799468994141, 5.4402999877929688, 4.713900089263916, 11.892499923706055, 15.229700088500977, 13.574999809265137, 11.598999977111816, 12.038399696350098, 13.893400192260742, 15.502599716186523, 17.410699844360352, 17.311000823974609, 17.947900772094727, 17.1072998046875, 17.670099258422852, 17.554300308227539, 19.159500122070312, 18.386999130249023, 16.732400894165039, 16.967199325561523, 15.798000335693359, 16.390399932861328, 20.080600738525391, 17.664300918579102, 18.528299331665039, 16.15839958190918, 17.866199493408203, 21.61720085144043, 21.243099212646484, 21.643400192260742, 21.964599609375, 22.333799362182617, 22.961599349975586, 28.468799591064453, 41.059200286865234, 66.659103393554688, 99.44940185546875, 100.19219970703125, 97.749298095703125,
2.1570000648498535, 2.2502000331878662, 1.7467000484466553, 1.3504999876022339, 1.378600001335144, 20.254199981689453, 19.080099105834961, 10.795000076293945, 12.058099746704102, 12.293700218200684, 15.594699859619141, 13.961199760437012, 11.869199752807617, 12.10569953918457, 12.895700454711914, 13.855400085449219, 16.055200576782227, 17.774999618530273, 18.563999176025391, 17.580099105834961, 15.339900016784668, 15.636300086975098, 18.582599639892578, 20.27039909362793, 17.897600173950195, 17.598499298095703, 19.22920036315918, 19.805999755859375, 18.150400161743164, 18.079799652099609, 20.490299224853516, 20.578100204467773, 16.866300582885742, 20.907100677490234, 21.232799530029297, 20.699699401855469, 21.714099884033203, 22.147899627685547, 22.825000762939453, 39.940700531005859, 88.058097839355469, 88.693901062011719, 89.903900146484375, 92.636299133300781, 97.696800231933594,
2.0917000770568848, 1.7257000207901001, 1.666700005531311, 1.2151000499725342, 1.2523000240325928, 10.484499931335449, 9.7937002182006836, 1.132099986076355, 0.98640000820159912, 8.022700309753418, 16.97960090637207, 15.027000427246094, 13.072600364685059, 12.410599708557129, 12.240300178527832, 14.395299911499023, 16.795099258422852, 21.248100280761719, 19.769599914550781, 18.790000915527344, 16.579700469970703, 17.318300247192383, 18.78019905090332, 20.720600128173828, 17.550600051879883, 17.453100204467773, 20.642499923706055, 22.367000579833984, 22.112300872802734, 20.32710075378418, 21.018899917602539, 13.936699867248535, 22.487400054931641, 21.951000213623047, 20.433900833129883, 20.608999252319336, 21.598499298095703, 22.892599105834961, 22.447500228881836, 44.744800567626953, 84.614601135253906, 89.486801147460938, 91.154098510742188, 89.448196411132812, 92.8052978515625,
2.2774999141693115, 1.6087000370025635, 1.5045000314712524, 1.1225999593734741, 1.2065999507904053, 1.3624999523162842, 1.4076000452041626, 1.3566999435424805, 10.516799926757812, 23.145200729370117, 19.815500259399414, 16.760099411010742, 14.593500137329102, 13.50059986114502, 14.848400115966797, 16.090000152587891, 17.948400497436523, 20.160900115966797, 20.354099273681641, 19.338600158691406, 18.60569953918457, 19.589300155639648, 20.715999603271484, 20.530399322509766, 17.395000457763672, 17.487600326538086, 20.495800018310547, 21.976400375366211, 23.21769905090332, 22.571500778198242, 20.618900299072266, 9.3972997665405273, 22.497699737548828, 22.048099517822266, 21.582000732421875, 21.602899551391602, 22.1072998046875, 21.968299865722656, 22.510700225830078, 44.851898193359375, 92.726402282714844, 90.059196472167969, 92.564498901367188, 95.492500305175781, 100.39099884033203,
1.5713000297546387, 1.3874000310897827, 1.2065000534057617, 1.0001000165939331, 1.1134999990463257, 1.2410000562667847, 1.3573000431060791, 1.193600058555603, 15.289999961853027, 25.405500411987305, 24.107799530029297, 19.021499633789062, 13.863499641418457, 13.361000061035156, 15.683199882507324, 17.899799346923828, 21.468299865722656, 20.227199554443359, 19.997499465942383, 19.597799301147461, 19.839599609375, 21.809299468994141, 21.951799392700195, 21.107999801635742, 18.272600173950195, 18.44379997253418, 20.665000915527344, 21.60930061340332, 23.51460075378418, 23.197799682617188, 18.8031005859375, 21.885700225830078, 21.964000701904297, 21.140800476074219, 21.629800796508789, 21.323999404907227, 21.618400573730469, 22.026500701904297, 22.724700927734375, 39.769001007080078, 88.659103393554688, 91.834098815917969, 106.30879974365234, 105.05339813232422, 103.12259674072266,
1.4767999649047852, 1.2611000537872314, 1.1674000024795532, 0.92549997568130493, 0.98710000514984131, 1.2165999412536621, 1.2867000102996826, 1.0793999433517456, 10.807499885559082, 21.192300796508789, 21.741800308227539, 17.322399139404297, 13.360400199890137, 13.194499969482422, 15.101900100708008, 21.387100219726562, 22.232000350952148, 21.267400741577148, 19.936599731445312, 19.51300048828125, 19.870800018310547, 21.475099563598633, 22.425300598144531, 21.013099670410156, 19.593000411987305, 20.258199691772461, 20.99690055847168, 21.248300552368164, 19.036699295043945, 17.655099868774414, 21.678400039672852, 22.353700637817383, 21.846000671386719, 20.576999664306641, 21.342800140380859, 21.581199645996094, 21.736799240112305, 21.852899551391602, 22.856199264526367, 27.857400894165039, 40.663700103759766, 67.035499572753906, 97.198097229003906, 95.554397583007812, 88.006401062011719,
1.3310999870300293, 1.1171000003814697, 0.9430999755859375, 0.9089999794960022, 0.87879997491836548, 0.88690000772476196, 0.89440000057220459, 0.89649999141693115, 13.493300437927246, 19.468099594116211, 22.205999374389648, 18.133600234985352, 13.164600372314453, 13.637499809265137, 14.593400001525879, 22.520200729370117, 21.864500045776367, 19.331199645996094, 19.434099197387695, 19.92180061340332, 17.504600524902344, 20.869400024414062, 21.887599945068359, 21.612300872802734, 21.392499923706055, 21.846099853515625, 22.056400299072266, 21.555500030517578, 20.199600219726562, 19.738700866699219, 21.82659912109375, 21.630899429321289, 22.037099838256836, 21.04949951171875, 21.15369987487793, 22.245100021362305, 21.760799407958984, 22.146400451660156, 22.059099197387695, 22.613300323486328, 23.320699691772461, 39.977298736572266, 88.3323974609375, 86.568397521972656, 78.793701171875,
1.2605999708175659, 1.1611000299453735, 1.0485999584197998, 1.0465999841690063, 1.090999960899353, 0.93519997596740723, 0.87300002574920654, 7.9242000579833984, 15.808699607849121, 17.062999725341797, 22.544599533081055, 19.152900695800781, 14.864899635314941, 10.319600105285645, 14.762800216674805, 21.177900314331055, 21.800399780273438, 17.80780029296875, 18.023700714111328, 18.087099075317383, 17.562400817871094, 14.531399726867676, 21.430599212646484, 21.947000503540039, 21.857700347900391, 22.29949951171875, 23.443500518798828, 20.879800796508789, 12.514399528503418, 19.287200927734375, 21.535999298095703, 22.616899490356445, 22.234899520874023, 21.71619987487793, 19.944499969482422, 20.059999465942383, 21.876100540161133, 21.709499359130859, 21.658599853515625, 22.022699356079102, 22.798700332641602, 22.421199798583984, 37.089199066162109, 58.720298767089844, 87.023696899414062,
1.1966999769210815, 1.1095999479293823, 1.1107000112533569, 1.1385999917984009, 1.1082999706268311, 1.1554000377655029, 1.0499999523162842, 10.227700233459473, 14.597100257873535, 18.256099700927734, 22.226600646972656, 20.618000030517578, 17.981199264526367, 6.2817997932434082, 16.127500534057617, 21.052400588989258, 21.577699661254883, 18.809799194335938, 18.062200546264648, 19.817100524902344, 18.823299407958984, 19.521499633789062, 21.50160026550293, 22.045000076293945, 21.973199844360352, 21.81920051574707, 21.775699615478516, 15.826199531555176, 2.2730000019073486, 13.645999908447266, 20.79170036315918, 22.47599983215332, 22.643899917602539, 22.21980094909668, 21.267999649047852, 21.258499145507812, 21.924100875854492, 21.005199432373047, 20.928499221801758, 20.837900161743164, 21.615400314331055, 21.138900756835938, 19.473699569702148, 33.141101837158203, 99.556297302246094,
1.3259999752044678, 1.0786000490188599, 1.0987000465393066, 1.2050000429153442, 1.2086000442504883, 1.1599999666213989, 1.1217999458312988, 3.3055000305175781, 14.673700332641602, 17.579099655151367, 22.181400299072266, 22.121099472045898, 23.256799697875977, 4.4721999168395996, 9.8655004501342773, 19.135900497436523, 20.745100021362305, 20.250200271606445, 25.039499282836914, 24.29949951171875, 21.731100082397461, 19.478300094604492, 21.843999862670898, 21.913799285888672, 21.789199829101562, 20.588199615478516, 11.153599739074707, 9.6468000411987305, 1.1713000535964966, 12.437700271606445, 21.721000671386719, 22.06089973449707, 22.298999786376953, 21.786399841308594, 19.253799438476562, 21.064300537109375, 21.384500503540039, 20.411100387573242, 21.598400115966797, 21.04170036315918, 19.748800277709961, 18.941299438476562, 19.057300567626953, 23.271099090576172, 33.673000335693359,
1.2845000028610229, 1.0937000513076782, 1.2020000219345093, 1.2924000024795532, 1.1906000375747681, 1.0448000431060791, 1.1313999891281128, 5.3390002250671387, 12.679900169372559, 15.674799919128418, 19.338699340820312, 24.004899978637695, 24.162700653076172, 11.094799995422363, 6.1791000366210938, 14.344599723815918, 19.872600555419922, 17.638599395751953, 5.8670001029968262, 9.397700309753418, 18.809200286865234, 19.298099517822266, 22.730199813842773, 24.964199066162109, 22.147699356079102, 19.221700668334961, 13.735799789428711, 10.183699607849121, 1.7738000154495239, 14.374300003051758, 21.643499374389648, 21.544700622558594, 21.648000717163086, 20.010599136352539, 20.844699859619141, 21.230100631713867, 20.993999481201172, 21.490999221801758, 21.930999755859375, 21.436700820922852, 19.85059928894043, 19.456300735473633, 19.881500244140625, 20.234800338745117, 20.614299774169922,
1.2003999948501587, 1.0345000028610229, 1.1507999897003174, 1.319599986076355, 1.1222000122070312, 1.0631999969482422, 1.1251000165939331, 7.5527000427246094, 13.193499565124512, 15.460800170898438, 16.377899169921875, 20.843700408935547, 20.440299987792969, 22.234800338745117, 20.926599502563477, 4.9137997627258301, 19.738800048828125, 22.596599578857422, 27.371400833129883, 31.685800552368164, 0.0, 0.0, 32.696300506591797, 30.588100433349609, 29.896499633789062, 26.105300903320312, 22.157800674438477, 8.5922002792358398, 10.570300102233887, 22.047500610351562, 21.804000854492188, 21.538299560546875, 20.803400039672852, 21.483600616455078, 20.561100006103516, 20.636199951171875, 21.884000778198242, 22.174999237060547, 21.763799667358398, 21.441799163818359, 21.122400283813477, 21.246299743652344, 21.502899169921875, 22.103599548339844, 22.758699417114258,
1.1107000112533569, 1.01419997215271, 1.0501999855041504, 1.0714999437332153, 1.1496000289916992, 1.1625000238418579, 6.5388998985290527, 4.9197001457214355, 11.864199638366699, 15.45829963684082, 14.880499839782715, 16.190099716186523, 21.299600601196289, 24.526500701904297, 26.243999481201172, 23.975099563598633, 25.342899322509766, 27.826999664306641, 29.636299133300781, 31.972099304199219, 0.0, 0.0, 32.392601013183594, 30.113199234008789, 30.983999252319336, 28.967399597167969, 23.82659912109375, 19.285299301147461, 18.583200454711914, 22.043300628662109, 21.885099411010742, 21.391399383544922, 20.251800537109375, 21.653900146484375, 21.897800445556641, 20.69890022277832, 21.96980094909668, 22.110300064086914, 21.806600570678711, 22.393899917602539, 22.451200485229492, 22.534900665283203, 23.161500930786133, 24.026500701904297, 23.791400909423828,
1.146399974822998, 0.99309998750686646, 1.0822000503540039, 1.059999942779541, 1.1783000230789185, 1.0737999677658081, 2.7177999019622803, 8.4590997695922852, 16.448400497436523, 16.715299606323242, 12.94950008392334, 15.960800170898438, 21.610700607299805, 22.477800369262695, 24.773000717163086, 24.318300247192383, 21.343000411987305, 20.863700866699219, 23.311399459838867, 21.592199325561523, 0.0, 0.0, 18.220100402832031, 23.086999893188477, 22.401399612426758, 22.725400924682617, 18.057699203491211, 15.623600006103516, 14.24899959564209, 20.283700942993164, 21.316999435424805, 20.732999801635742, 20.382200241088867, 21.113000869750977, 21.055099487304688, 19.312099456787109, 20.883699417114258, 21.525100708007812, 21.736200332641602, 21.961200714111328, 22.060300827026367, 22.558700561523438, 22.815799713134766, 22.178400039672852, 23.525800704956055,
1.1717000007629395, 1.0809999704360962, 0.98299998044967651, 1.093000054359436, 1.1345000267028809, 1.1405999660491943, 1.1160999536514282, 4.7841000556945801, 13.804800033569336, 16.494800567626953, 14.029199600219727, 15.532999992370605, 19.041900634765625, 19.109399795532227, 29.652599334716797, 22.08329963684082, 14.704500198364258, 14.860799789428711, 21.41200065612793, 21.857000350952148, 0.0, 0.0, 18.049900054931641, 17.708599090576172, 17.951900482177734, 19.170999526977539, 16.536199569702148, 15.419899940490723, 19.637899398803711, 19.878000259399414, 19.391700744628906, 21.016300201416016, 21.518100738525391, 21.079999923706055, 20.932600021362305, 20.346700668334961, 21.124399185180664, 21.184999465942383, 21.290399551391602, 21.738399505615234, 21.714199066162109, 22.34589958190918, 22.296199798583984, 22.284999847412109, 23.446800231933594,
1.3269000053405762, 1.2101000547409058, 1.1543999910354614, 1.3551000356674194, 11.457400321960449, 1.0389000177383423, 1.054900050163269, 2.4158000946044922, 4.6233000755310059, 12.884599685668945, 13.331500053405762, 15.607799530029297, 18.990900039672852, 1.0878000259399414, 0.0, 0.0, 18.767499923706055, 19.708599090576172, 0.0, 0.0, 17.054599761962891, 16.898500442504883, 17.80579948425293, 18.148899078369141, 15.095499992370605, 17.298599243164062, 17.563100814819336, 19.047300338745117, 21.561399459838867, 20.54210090637207, 20.155000686645508, 20.096200942993164, 21.025199890136719, 21.116199493408203, 21.574499130249023, 21.570100784301758, 20.994499206542969, 20.819799423217773, 21.100799560546875, 21.948099136352539, 22.262399673461914, 22.130599975585938, 22.189899444580078, 22.116100311279297, 21.986700057983398,
1.3731000423431396, 1.3626999855041504, 1.3263000249862671, 2.9165999889373779, 9.403599739074707, 0.90439999103546143, 1.0254000425338745, 1.0644999742507935, 0.93529999256134033, 7.2132000923156738, 11.716899871826172, 17.808700561523438, 21.98590087890625, 26.395299911499023, 0.0, 0.0, 19.428699493408203, 20.962099075317383, 0.0, 0.0, 15.506999969482422, 19.322099685668945, 18.817699432373047, 17.152999877929688, 15.01099967956543, 13.999699592590332, 16.169700622558594, 21.710699081420898, 22.409500122070312, 21.069499969482422, 21.537200927734375, 21.903299331665039, 21.154600143432617, 21.751499176025391, 21.670900344848633, 21.575599670410156, 21.299600601196289, 20.481599807739258, 18.901800155639648, 18.976299285888672, 21.025199890136719, 21.947099685668945, 22.058099746704102, 21.868600845336914, 22.092599868774414,
