MRPI/JupyterNotebooks/sm.asc
NCOLS 310
NROWS 350
XLLCORNER -124.84375
YLLCORNER 31.15625
CELLSIZE 0.0625
NODATA_VALUE = -9999
[rows 40 to 59 of 350, columns 180 to 224 of 310]
18.459299087524414, 15.756400108337402, 14.119600296020508, 16.246400833129883, 17.524900436401367, 19.094100952148438, 19.413900375366211, 19.432300567626953, 19.321100234985352, 19.499200820922852, 19.497100830078125, 19.333200454711914, 19.394800186157227, 19.650899887084961, 19.672700881958008, 19.96929931640625, 20.008699417114258, 19.751699447631836, 19.666000366210938, 19.108600616455078, 18.544500350952148, 11.428999900817871, 21.243900299072266, 23.140100479125977, 23.207399368286133, 23.237899780273438, 22.830999374389648, 22.451099395751953, 22.237300872802734, 21.963199615478516, 22.27910041809082, 18.595800399780273, 16.010400772094727, 15.259400367736816, 15.8302001953125, 15.883399963378906, 15.925600051879883, 15.781299591064453, 15.317399978637695, 15.78380012512207, 15.593799591064453, 16.628299713134766, 16.313999176025391, 15.991700172424316, 15.77079963684082,
16.723199844360352, 15.073599815368652, 15.88599967956543, 16.019199371337891, 16.980899810791016, 19.542800903320312, 20.124200820922852, 20.457700729370117, 20.723100662231445, 20.607999801635742, 19.746500015258789, 19.396400451660156, 19.287200927734375, 19.806499481201172, 20.426900863647461, 20.821699142456055, 20.545600891113281, 20.599599838256836, 20.135900497436523, 19.634199142456055, 19.425100326538086, 20.052499771118164, 21.836000442504883, 23.456600189208984, 23.182199478149414, 23.216299057006836, 22.502500534057617, 21.895599365234375, 21.294300079345703, 20.850299835205078, 20.826000213623047, 17.895700454711914, 15.109399795532227, 14.065199851989746, 14.819199562072754, 15.798600196838379, 16.125299453735352, 15.425700187683105, 15.616999626159668, 16.377799987792969, 15.527999877929688, 15.29419994354248, 15.332200050354004, 15.522700309753418, 15.29010009765625,
15.54170036315918, 15.238800048828125, 13.621199607849121, 15.616700172424316, 17.388700485229492, 18.108999252319336, 21.616800308227539, 22.693199157714844, 22.667499542236328, 21.89539909362793, 20.621799468994141, 19.927700042724609, 19.379999160766602, 20.327899932861328, 20.19420051574707, 21.175899505615234, 20.802299499511719, 22.768800735473633, 22.600099563598633, 21.782400131225586, 20.143499374389648, 20.116399765014648, 22.168500900268555, 22.961399078369141, 22.489200592041016, 22.349899291992188, 22.297700881958008, 21.609899520874023, 19.71980094909668, 18.318099975585938, 18.306400299072266, 17.753799438476562, 14.996199607849121, 13.973999977111816, 14.83650016784668, 16.091699600219727, 15.634699821472168, 15.75469970703125, 16.662500381469727, 15.95460033416748, 15.693499565124512, 15.69849967956543, 15.878800392150879, 16.200899124145508, 15.427800178527832,
15.507699966430664, 14.963800430297852, 13.600199699401855, 14.34689998626709, 13.895600318908691, 18.5718994140625, 22.614700317382812, 20.571699142456055, 21.662099838256836, 21.225700378417969, 19.662799835205078, 18.97920036315918, 18.836099624633789, 19.843799591064453, 21.415599822998047, 22.479000091552734, 22.534700393676758, 22.668500900268555, 23.009899139404297, 21.588100433349609, 18.75469970703125, 18.474599838256836, 20.453699111938477, 22.282400131225586, 21.533599853515625, 20.92449951171875, 21.039800643920898, 20.677000045776367, 18.008899688720703, 15.965499877929688, 15.730400085449219, 16.577499389648438, 16.860099792480469, 15.434000015258789, 15.439800262451172, 15.835100173950195, 15.597700119018555, 15.838299751281738, 16.03339958190918, 16.026899337768555, 15.930000305175781, 16.083700180053711, 16.343799591064453, 16.526699066162109, 15.530300140380859,
16.368000030517578, 15.42609977722168, 13.846799850463867, 13.80720043182373, 13.105600357055664, 14.741700172424316, 21.932399749755859, 23.392599105834961, 19.3572998046875, 20.643999099731445, 21.232900619506836, 21.084100723266602, 21.215599060058594, 21.494699478149414, 22.14739990234375, 22.556400299072266, 22.534500122070312, 23.292999267578125, 24.063400268554688, 21.882499694824219, 18.41309928894043, 18.387800216674805, 19.630100250244141, 21.179899215698242, 19.751800537109375, 17.996599197387695, 16.925699234008789, 16.944000244140625, 16.258800506591797, 15.517200469970703, 15.645899772644043, 16.278600692749023, 15.63860034942627, 15.474200248718262, 15.594599723815918, 15.865500450134277, 15.351900100708008, 15.593400001525879, 15.790300369262695, 15.936100006103516, 16.083999633789062, 16.080900192260742, 16.349700927734375, 15.917099952697754, 15.889900207519531,
16.618000030517578, 16.767499923706055, 15.509200096130371, 13.998900413513184, 13.615200042724609, 13.76930046081543, 18.891300201416016, 21.344200134277344, 18.884700775146484, 19.25309944152832, 21.743499755859375, 21.965900421142578, 22.377599716186523, 22.590599060058594, 22.588899612426758, 22.835300445556641, 23.464300155639648, 23.181400299072266, 22.350500106811523, 20.437700271606445, 17.672000885009766, 18.467199325561523, 19.490200042724609, 19.97960090637207, 19.292600631713867, 16.871799468994141, 16.236400604248047, 15.75469970703125, 15.671299934387207, 15.653400421142578, 15.81149959564209, 15.944399833679199, 15.521400451660156, 15.720399856567383, 15.628499984741211, 15.807499885559082, 16.282499313354492, 16.224300384521484, 16.111200332641602, 16.097099304199219, 16.014699935913086, 15.989500045776367, 16.234199523925781, 15.786299705505371, 15.884599685668945,
18.663600921630859, 15.844799995422363, 14.913000106811523, 14.47659969329834, 14.595000267028809, 14.928799629211426, 16.132099151611328, 17.555500030517578, 18.023500442504883, 19.219499588012695, 21.286800384521484, 22.250299453735352, 22.46299934387207, 22.561700820922852, 22.469100952148438, 23.170799255371094, 24.027299880981445, 21.658199310302734, 19.538200378417969, 18.221599578857422, 16.891899108886719, 16.910999298095703, 16.511499404907227, 18.986200332641602, 20.096599578857422, 18.715700149536133, 16.704700469970703, 15.988499641418457, 15.824299812316895, 15.810400009155273, 16.788400650024414, 16.811100006103516, 15.600899696350098, 15.92389965057373, 16.180400848388672, 16.220100402832031, 18.079900741577148, 18.222400665283203, 17.104099273681641, 16.329299926757812, 16.388500213623047, 15.986800193786621, 16.006000518798828, 15.588199615478516, 15.787300109863281,
18.582500457763672, 16.478300094604492, 15.668299674987793, 15.543299674987793, 15.888299942016602, 15.637700080871582, 15.336999893188477, 16.18440055847168, 16.532499313354492, 18.60890007019043, 20.323200225830078, 21.01930046081543, 21.334699630737305, 22.080499649047852, 23.325199127197266, 24.80470085144043, 25.638999938964844, 23.02869987487793, 20.231599807739258, 17.334800720214844, 16.744300842285156, 16.878499984741211, 16.721900939941406, 17.875400543212891, 21.434799194335938, 21.792699813842773, 20.05470085144043, 18.297800064086914, 16.606199264526367, 15.963199615478516, 16.596200942993164, 16.27079963684082, 16.104499816894531, 16.021099090576172, 17.42609977722168, 17.058799743652344, 18.711099624633789, 18.851900100708008, 17.476400375366211, 17.006599426269531, 16.398099899291992, 17.004600524902344, 16.937400817871094, 15.780500411987305, 16.010900497436523,
15.774100303649902, 15.473999977111816, 16.476900100708008, 17.009300231933594, 16.36870002746582, 15.756899833679199, 16.426599502563477, 17.726600646972656, 17.951099395751953, 18.396499633789062, 18.916400909423828, 19.252700805664062, 19.30419921875, 21.21929931640625, 24.937599182128906, 26.224300384521484, 26.54170036315918, 24.467500686645508, 20.712499618530273, 18.342399597167969, 18.387500762939453, 18.284799575805664, 18.136100769042969, 19.713300704956055, 24.931999206542969, 27.611299514770508, 25.858600616455078, 23.601999282836914, 18.774099349975586, 17.011199951171875, 16.685199737548828, 17.972999572753906, 18.122800827026367, 18.604000091552734, 17.970399856567383, 17.434499740600586, 18.096399307250977, 17.828300476074219, 17.278400421142578, 17.433500289916992, 16.997800827026367, 17.078899383544922, 17.031000137329102, 15.84220027923584, 16.18910026550293,
14.19219970703125, 13.526000022888184, 15.712900161743164, 17.061000823974609, 16.409099578857422, 16.575399398803711, 17.469999313354492, 18.454500198364258, 18.456499099731445, 18.451000213623047, 18.371500015258789, 18.537500381469727, 18.46660041809082, 19.793100357055664, 23.941999435424805, 26.809099197387695, 27.340799331665039, 25.857999801635742, 20.748300552368164, 19.262899398803711, 19.011800765991211, 18.912300109863281, 18.581399917602539, 21.746400833129883, 28.186599731445312, 29.904600143432617, 29.632900238037109, 27.275800704956055, 21.532600402832031, 18.755199432373047, 18.19219970703125, 19.264799118041992, 20.722200393676758, 20.281200408935547, 18.729900360107422, 18.141899108886719, 18.367399215698242, 17.885400772094727, 17.788799285888672, 18.340299606323242, 18.923999786376953, 18.529199600219727, 18.561300277709961, 16.988300323486328, 16.812400817871094,
13.685099601745605, 11.798299789428711, 13.803199768066406, 14.636199951171875, 15.156599998474121, 16.661199569702148, 18.820699691772461, 19.699399948120117, 18.777999877929688, 18.334199905395508, 18.562900543212891, 18.909000396728516, 19.126800537109375, 19.175600051879883, 23.023500442504883, 24.51300048828125, 24.152700424194336, 23.57029914855957, 20.140899658203125, 19.230199813842773, 19.198400497436523, 19.880899429321289, 20.821399688720703, 23.758100509643555, 28.807500839233398, 31.409900665283203, 31.111799240112305, 27.790500640869141, 23.134300231933594, 20.115699768066406, 19.514299392700195, 21.519699096679688, 25.514200210571289, 25.049900054931641, 20.995800018310547, 19.253200531005859, 18.791500091552734, 18.803800582885742, 18.896299362182617, 20.031600952148438, 21.731100082397461, 21.763799667358398, 22.065999984741211, 21.388200759887695, 18.435699462890625,
16.898000717163086, 13.473799705505371, 13.842700004577637, 14.462100028991699, 14.282400131225586, 15.571200370788574, 17.598300933837891, 17.777799606323242, 18.08329963684082, 18.316299438476562, 18.545600891113281, 18.899900436401367, 18.563499450683594, 18.972299575805664, 21.461999893188477, 23.648199081420898, 22.624000549316406, 21.174299240112305, 20.03179931640625, 19.302400588989258, 19.763299942016602, 20.281499862670898, 20.61669921875, 23.745800018310547, 29.297000885009766, 31.954500198364258, 32.188098907470703, 29.267099380493164, 24.219400405883789, 21.578399658203125, 20.406400680541992, 23.331499099731445, 29.008199691772461, 29.596700668334961, 23.229400634765625, 20.905399322509766, 19.857000350952148, 19.894399642944336, 20.497900009155273, 21.367500305175781, 22.488399505615234, 23.085199356079102, 23.483800888061523, 22.325099945068359, 18.742599487304688,
17.607500076293945, 13.623000144958496, 13.672499656677246, 17.195899963378906, 15.388199806213379, 16.059499740600586, 16.047399520874023, 16.331899642944336, 17.433200836181641, 18.42140007019043, 17.833000183105469, 18.9375, 19.625099182128906, 20.142900466918945, 22.673200607299805, 23.472400665283203, 21.568500518798828, 20.412099838256836, 20.623100280761719, 20.536199569702148, 20.515800476074219, 20.110000610351562, 20.323799133300781, 23.15410041809082, 29.661899566650391, 32.899398803710938, 33.161998748779297, 29.726600646972656, 24.948400497436523, 21.70050048828125, 22.27400016784668, 24.653999328613281, 29.732200622558594, 31.013399124145508, 26.096900939941406, 23.590900421142578, 22.650899887084961, 22.139799118041992, 22.097400665283203, 22.017900466918945, 22.666999816894531, 22.242700576782227, 21.68910026550293, 21.009199142456055, 18.282400131225586,
18.820199966430664, 16.225700378417969, 17.715700149536133, 15.647899627685547, 15.435999870300293, 14.967399597167969, 15.000699996948242, 15.647199630737305, 15.965399742126465, 17.151800155639648, 18.073799133300781, 19.356899261474609, 22.904199600219727, 23.901800155639648, 24.073600769042969, 23.751300811767578, 21.247699737548828, 20.712799072265625, 20.409400939941406, 20.833400726318359, 21.261600494384766, 21.404300689697266, 21.666999816894531, 24.222099304199219, 29.328100204467773, 31.540300369262695, 30.826200485229492, 28.891199111938477, 25.025100708007812, 24.384799957275391, 24.162799835205078, 26.168800354003906, 31.445100784301758, 31.725299835205078, 29.154499053955078, 26.963399887084961, 25.775600433349609, 24.186199188232422, 23.723300933837891, 22.92609977722168, 22.442699432373047, 21.587900161743164, 20.956899642944336, 20.39579963684082, 17.90570068359375,
19.298000335693359, 15.639599800109863, 17.034900665283203, 16.559900283813477, 15.480299949645996, 13.973199844360352, 12.653599739074707, 14.162799835205078, 14.545499801635742, 16.357099533081055, 18.059799194335938, 20.3927001953125, 28.360300064086914, 29.092199325561523, 25.548200607299805, 23.414899826049805, 23.289899826049805, 22.815900802612305, 20.888799667358398, 22.971399307250977, 22.780399322509766, 24.010499954223633, 24.765800476074219, 25.036500930786133, 26.510099411010742, 27.613199234008789, 26.194000244140625, 24.849100112915039, 20.999500274658203, 22.053600311279297, 19.729700088500977, 23.267299652099609, 30.066299438476562, 34.690799713134766, 33.29949951171875, 30.928600311279297, 27.495599746704102, 24.841999053955078, 24.186100006103516, 22.07029914855957, 22.666999816894531, 22.017099380493164, 20.860599517822266, 20.185300827026367, 20.762300491333008,
19.456199645996094, 16.286100387573242, 19.010900497436523, 19.544000625610352, 17.447399139404297, 17.653400421142578, 20.053300857543945, 23.787099838256836, 13.677800178527832, 12.558099746704102, 15.746000289916992, 21.329999923706055, 28.609800338745117, 30.534299850463867, 26.412500381469727, 23.570999145507812, 24.39539909362793, 24.136299133300781, 24.804100036621094, 24.923299789428711, 24.993000030517578, 24.825399398803711, 24.155799865722656, 22.475799560546875, 22.107200622558594, 21.170000076293945, 19.589300155639648, 20.511199951171875, 22.503900527954102, 23.433700561523438, 22.813999176025391, 25.600299835205078, 30.202999114990234, 32.573799133300781, 33.078201293945312, 31.33650016784668, 27.329200744628906, 24.982999801635742, 23.716699600219727, 22.390899658203125, 23.098100662231445, 22.179500579833984, 21.025299072265625, 20.807500839233398, 19.972700119018555,
18.846099853515625, 18.865900039672852, 19.307699203491211, 20.829299926757812, 26.499300003051758, 29.056699752807617, 29.23699951171875, 26.584299087524414, 15.189599990844727, 12.790300369262695, 12.697799682617188, 18.029699325561523, 26.535499572753906, 28.507499694824219, 25.035299301147461, 23.735200881958008, 24.237499237060547, 24.112899780273438, 24.447000503540039, 24.881599426269531, 24.988800048828125, 24.751199722290039, 23.957700729370117, 23.024099349975586, 22.071599960327148, 19.252199172973633, 21.548099517822266, 22.681900024414062, 23.235300064086914, 25.315000534057617, 25.645099639892578, 27.972000122070312, 31.863000869750977, 32.441699981689453, 31.754400253295898, 30.380699157714844, 27.76409912109375, 25.904199600219727, 23.587799072265625, 21.707399368286133, 22.621599197387695, 22.88960075378418, 22.931100845336914, 22.600200653076172, 22.597000122070312,
19.507499694824219, 19.397899627685547, 18.798599243164062, 22.65369987487793, 29.976800918579102, 32.798698425292969, 32.412399291992188, 30.650600433349609, 24.042400360107422, 17.957399368286133, 17.854900360107422, 18.998600006103516, 24.304500579833984, 26.113300323486328, 23.829099655151367, 23.739099502563477, 24.128499984741211, 24.490699768066406, 24.215099334716797, 24.110799789428711, 24.595600128173828, 24.748300552368164, 24.767499923706055, 26.095300674438477, 22.022699356079102, 19.883699417114258, 22.12299919128418, 24.32029914855957, 24.420999526977539, 25.638299942016602, 29.102899551391602, 31.449600219726562, 32.263999938964844, 31.754100799560547, 29.896499633789062, 30.017299652099609, 30.172199249267578, 28.270599365234375, 26.07080078125, 24.378999710083008, 24.34160041809082, 24.681999206542969, 23.640600204467773, 23.555200576782227, 23.752199172973633,
21.945199966430664, 21.055000305175781, 19.10569953918457, 22.470600128173828, 30.636299133300781, 33.582401275634766, 33.157501220703125, 29.841899871826172, 29.240900039672852, 28.405399322509766, 23.901500701904297, 22.145999908447266, 23.393800735473633, 24.483600616455078, 23.265600204467773, 24.367599487304688, 24.800500869750977, 25.095800399780273, 23.750499725341797, 23.879100799560547, 24.362100601196289, 24.994699478149414, 26.239400863647461, 26.333799362182617, 21.979499816894531, 25.082300186157227, 22.275100708007812, 24.029699325561523, 24.230899810791016, 26.453699111938477, 30.299200057983398, 32.043998718261719, 30.401199340820312, 30.341899871826172, 30.048799514770508, 30.900299072265625, 32.814998626708984, 31.918600082397461, 29.950199127197266, 28.192300796508789, 26.255699157714844, 23.946800231933594, 22.039600372314453, 22.032699584960938, 23.338899612426758,
22.285100936889648, 22.394500732421875, 21.797800064086914, 24.779300689697266, 29.953500747680664, 32.078399658203125, 31.65679931640625, 30.933500289916992, 32.820098876953125, 31.603900909423828, 26.340299606323242, 22.658100128173828, 22.463199615478516, 22.447200775146484, 23.183500289916992, 25.148500442504883, 25.302900314331055, 24.719600677490234, 24.432300567626953, 24.94420051574707, 24.738199234008789, 25.913700103759766, 28.678699493408203, 26.865400314331055, 22.005899429321289, 20.363899230957031, 23.680000305175781, 24.834699630737305, 25.104799270629883, 26.775600433349609, 31.636299133300781, 32.731998443603516, 31.012599945068359, 30.665000915527344, 31.220500946044922, 32.133800506591797, 33.063499450683594, 32.372200012207031, 30.77549934387207, 28.660499572753906, 26.663799285888672, 23.924999237060547, 21.333499908447266, 20.751699447631836, 21.897100448608398,
