MRPI/sm.asc
NCOLS 310
NROWS 350
XLLCORNER -124.84375
YLLCORNER 31.15625
CELLSIZE 0.0625
NODATA_VALUE = -9999
[rows 200 to 219 of 350, columns 0 to 44 of 310]
.0, 0.0, 0.0, 0.0, 0.0, 0.0, 0.0, 0.0, 0.0, 0.0, 25.622200012207031, 26.494800567626953, 27.963100433349609, 28.514200210571289, 29.858100891113281, 30.492700576782227, 29.628700256347656, 30.920299530029297, 29.99329948425293, 29.857500076293945, 26.784999847412109, 24.802600860595703, 25.850400924682617, 26.196800231933594, 25.157899856567383, 23.792900085449219, 24.374799728393555, 27.177499771118164, 34.166000366210938, 35.521099090576172, 35.799598693847656, 35.506099700927734, 36.39739990234375, 35.164100646972656, 34.451301574707031, 33.69580078125, 33.145599365234375, 33.413398742675781, 32.347499847412109, 32.441600799560547, 33.179500579833984, 32.549400329589844, 31.914800643920898, 31.079900741577148, 29.906999588012695,
.0, 0.0, 0.0, 0.0, 0.0, 0.0, 0.0, 0.0, 0.0, 0.0, 26.260400772094727, 26.633600234985352, 27.428199768066406, 28.12700080871582, 29.088100433349609, 29.956600189208984, 29.308300018310547, 30.123699188232422, 29.022199630737305, 28.843700408935547, 25.561100006103516, 23.833000183105469, 25.082799911499023, 26.003900527954102, 26.359800338745117, 25.42609977722168, 25.681999206542969, 28.435400009155273, 34.7760009765625, 36.050300598144531, 36.802299499511719, 36.858100891113281, 37.441200256347656, 36.019699096679688, 34.601398468017578, 34.179100036621094, 33.76190185546875, 34.259998321533203, 33.577098846435547, 33.076900482177734, 33.4281005859375, 32.789798736572266, 33.044898986816406, 31.63599967956543, 30.689300537109375,
.0, 0.0, 0.0, 0.0, 0.0, 0.0, 0.0, 0.0, 0.0, 0.0, 0.0, 0.0, 26.902900695800781, 27.210699081420898, 28.047599792480469, 29.148399353027344, 30.312799453735352, 31.119899749755859, 29.153499603271484, 28.763200759887695, 25.956100463867188, 25.501499176025391, 26.606599807739258, 26.505199432373047, 28.651300430297852, 30.112600326538086, 30.509899139404297, 32.162101745605469, 33.185901641845703, 31.840900421142578, 36.551799774169922, 36.504798889160156, 37.963199615478516, 36.645801544189453, 34.382701873779297, 34.141899108886719, 34.357799530029297, 34.327598571777344, 34.641300201416016, 33.690101623535156, 32.786598205566406, 31.607000350952148, 31.575300216674805, 31.390300750732422, 29.876699447631836,
.0, 0.0, 0.0, 0.0, 0.0, 0.0, 0.0, 0.0, 0.0, 0.0, 0.0, 0.0, 27.322299957275391, 27.159099578857422, 27.621400833129883, 28.965200424194336, 30.73430061340332, 31.202999114990234, 29.176300048828125, 29.03179931640625, 27.057500839233398, 27.239299774169922, 28.617099761962891, 30.38170051574707, 32.180599212646484, 33.434398651123047, 34.389801025390625, 34.77130126953125, 34.793800354003906, 35.294300079345703, 36.760601043701172, 36.911598205566406, 37.998600006103516, 37.144901275634766, 35.135398864746094, 35.047298431396484, 35.829399108886719, 35.44219970703125, 35.181900024414062, 33.399898529052734, 33.219699859619141, 32.229698181152344, 32.384998321533203, 32.485698699951172, 31.022199630737305,
.0, 0.0, 0.0, 0.0, 0.0, 0.0, 0.0, 0.0, 0.0, 0.0, 0.0, 0.0, 27.980300903320312, 28.760299682617188, 28.781000137329102, 29.996400833129883, 32.374900817871094, 32.908798217773438, 31.050699234008789, 31.072999954223633, 27.981500625610352, 28.124599456787109, 30.972200393676758, 32.489299774169922, 32.695999145507812, 33.347000122070312, 34.825099945068359, 35.230400085449219, 34.801700592041016, 35.200599670410156, 36.927799224853516, 37.088600158691406, 37.234100341796875, 36.137001037597656, 35.764598846435547, 35.776798248291016, 36.940299987792969, 36.048301696777344, 34.65570068359375, 33.371601104736328, 33.382801055908203, 33.281898498535156, 31.544500350952148, 30.771400451660156, 29.134500503540039,
.0, 0.0, 0.0, 0.0, 0.0, 0.0, 0.0, 0.0, 0.0, 0.0, 0.0, 0.0, 27.953899383544922, 29.082700729370117, 29.317800521850586, 30.511299133300781, 32.404300689697266, 32.962600708007812, 31.938400268554688, 31.459699630737305, 28.617399215698242, 29.71769905090332, 33.336700439453125, 34.691600799560547, 34.285198211669922, 34.131000518798828, 35.257999420166016, 35.384601593017578, 35.086601257324219, 35.515701293945312, 37.131599426269531, 37.156898498535156, 37.522701263427734, 37.003501892089844, 36.986598968505859, 36.681400299072266, 37.211799621582031, 35.745098114013672, 33.905498504638672, 32.751800537109375, 33.615200042724609, 33.554401397705078, 31.300199508666992, 30.421600341796875, 28.684600830078125,
.0, 0.0, 0.0, 0.0, 0.0, 0.0, 0.0, 0.0, 0.0, 0.0, 0.0, 0.0, 29.515800476074219, 29.257900238037109, 29.552700042724609, 30.454599380493164, 31.195199966430664, 31.795299530029297, 31.589500427246094, 31.307600021362305, 29.625299453735352, 31.259599685668945, 32.251399993896484, 33.285301208496094, 30.724700927734375, 30.716899871826172, 30.975400924682617, 27.802999496459961, 16.018499374389648, 20.526599884033203, 28.791400909423828, 32.301300048828125, 37.153701782226562, 36.967800140380859, 36.928699493408203, 36.564899444580078, 36.741100311279297, 35.286201477050781, 32.669601440429688, 31.743400573730469, 32.972301483154297, 32.408500671386719, 31.817600250244141, 29.420999526977539, 29.497499465942383,
.0, 0.0, 0.0, 0.0, 0.0, 0.0, 0.0, 0.0, 0.0, 0.0, 0.0, 0.0, 29.481899261474609, 29.332500457763672, 29.532800674438477, 30.368099212646484, 31.26460075378418, 31.795099258422852, 31.520999908447266, 31.641700744628906, 29.826000213623047, 31.390199661254883, 32.277000427246094, 33.185501098632812, 31.48590087890625, 31.234699249267578, 28.681100845336914, 22.452800750732422, 19.135799407958984, 30.440399169921875, 35.57550048828125, 36.792301177978516, 36.96099853515625, 36.660900115966797, 36.618698120117188, 36.544898986816406, 36.644798278808594, 35.299598693847656, 32.686798095703125, 31.897199630737305, 32.064300537109375, 32.017601013183594, 31.730800628662109, 29.156200408935547, 29.427499771118164,
.0, 0.0, 0.0, 0.0, 0.0, 0.0, 0.0, 0.0, 0.0, 0.0, 0.0, 0.0, 31.024799346923828, 30.919099807739258, 30.792900085449219, 31.436599731445312, 31.241300582885742, 31.952199935913086, 31.95989990234375, 32.123401641845703, 30.950599670410156, 32.552101135253906, 33.639301300048828, 34.760101318359375, 32.903900146484375, 31.215200424194336, 28.633499145507812, 30.744899749755859, 36.338798522949219, 36.838199615478516, 37.631000518798828, 37.575199127197266, 37.025001525878906, 36.587001800537109, 36.959098815917969, 36.801300048828125, 36.600399017333984, 35.023101806640625, 33.185199737548828, 31.231300354003906, 31.676200866699219, 30.282400131225586, 30.514400482177734, 31.00670051574707, 27.007400512695312,
.0, 0.0, 0.0, 0.0, 0.0, 0.0, 0.0, 0.0, 0.0, 0.0, 0.0, 0.0, 31.231199264526367, 31.302700042724609, 31.591999053955078, 32.362598419189453, 31.889499664306641, 32.215000152587891, 32.167800903320312, 32.219600677490234, 31.133499145507812, 32.222801208496094, 33.820098876953125, 34.508598327636719, 32.181900024414062, 32.636100769042969, 32.382999420166016, 30.675699234008789, 36.629600524902344, 36.717998504638672, 37.667198181152344, 37.498100280761719, 36.892398834228516, 36.737701416015625, 37.076499938964844, 36.589599609375, 35.885799407958984, 34.474998474121094, 32.850200653076172, 32.330299377441406, 31.416400909423828, 30.400999069213867, 30.543600082397461, 29.742700576782227, 28.494300842285156,
.0, 0.0, 0.0, 0.0, 0.0, 0.0, 0.0, 0.0, 0.0, 0.0, 0.0, 0.0, 31.388299942016602, 31.802499771118164, 32.707401275634766, 33.243999481201172, 33.085601806640625, 33.120998382568359, 33.088199615478516, 33.034099578857422, 32.210201263427734, 33.484600067138672, 33.249198913574219, 33.657501220703125, 32.190399169921875, 31.332599639892578, 32.893299102783203, 32.478099822998047, 34.894199371337891, 34.609500885009766, 37.594398498535156, 37.434101104736328, 37.156101226806641, 37.253299713134766, 37.56829833984375, 36.352199554443359, 35.117198944091797, 34.065299987792969, 33.868999481201172, 33.461898803710938, 33.889701843261719, 33.193099975585938, 32.21820068359375, 31.466100692749023, 27.539800643920898,
.0, 0.0, 0.0, 0.0, 0.0, 0.0, 0.0, 0.0, 0.0, 0.0, 0.0, 0.0, 31.427700042724609, 31.953100204467773, 32.829399108886719, 33.254798889160156, 33.197498321533203, 33.177501678466797, 33.028800964355469, 33.376300811767578, 32.984901428222656, 33.9635009765625, 32.158699035644531, 33.236801147460938, 29.755800247192383, 30.095699310302734, 28.782199859619141, 29.755500793457031, 33.868801116943359, 34.179401397705078, 37.758201599121094, 37.616199493408203, 37.74530029296875, 37.6885986328125, 38.090499877929688, 36.756198883056641, 35.533699035644531, 34.460800170898438, 33.950401306152344, 33.260398864746094, 33.391300201416016, 32.540199279785156, 31.476699829101562, 30.183000564575195, 27.003900527954102,
.0, 0.0, 0.0, 0.0, 0.0, 0.0, 0.0, 0.0, 0.0, 0.0, 0.0, 0.0, 0.0, 0.0, 32.514499664306641, 32.575099945068359, 32.346500396728516, 33.010799407958984, 32.563098907470703, 33.310699462890625, 32.888801574707031, 33.559398651123047, 31.729400634765625, 32.214000701904297, 30.445899963378906, 27.789400100708008, 27.310300827026367, 26.597400665283203, 33.051799774169922, 34.520698547363281, 37.458301544189453, 37.526199340820312, 37.504600524902344, 37.620700836181641, 36.832099914550781, 37.248298645019531, 36.645099639892578, 35.311000823974609, 33.307300567626953, 31.593500137329102, 32.111099243164062, 30.433300018310547, 30.65730094909668, 28.662599563598633, 27.540599822998047,
.0, 0.0, 0.0, 0.0, 0.0, 0.0, 0.0, 0.0, 0.0, 0.0, 0.0, 0.0, 0.0, 0.0, 32.045299530029297, 32.594699859619141, 32.560600280761719, 33.041698455810547, 32.674800872802734, 33.372100830078125, 32.450199127197266, 33.672698974609375, 31.582000732421875, 31.745100021362305, 29.3572998046875, 28.079200744628906, 27.058900833129883, 26.478300094604492, 32.36309814453125, 34.037498474121094, 37.391998291015625, 37.724201202392578, 37.573600769042969, 37.434101104736328, 37.464199066162109, 37.082199096679688, 36.705799102783203, 35.169498443603516, 33.152000427246094, 31.240699768066406, 31.665899276733398, 29.805999755859375, 29.307699203491211, 27.629999160766602, 25.127099990844727,
.0, 0.0, 0.0, 0.0, 0.0, 0.0, 0.0, 0.0, 0.0, 0.0, 0.0, 0.0, 0.0, 0.0, 0.0, 0.0, 32.086200714111328, 33.043300628662109, 32.296600341796875, 32.547199249267578, 30.725099563598633, 31.380199432373047, 29.802799224853516, 29.760099411010742, 27.151800155639648, 28.923599243164062, 28.477899551391602, 27.345600128173828, 29.487699508666992, 30.164800643920898, 34.417598724365234, 31.369499206542969, 36.715499877929688, 36.522701263427734, 37.540199279785156, 36.268398284912109, 35.121898651123047, 34.619499206542969, 33.291900634765625, 32.136398315429688, 31.628599166870117, 28.76300048828125, 27.562099456787109, 24.920099258422852, 23.156700134277344,
.0, 0.0, 0.0, 0.0, 0.0, 0.0, 0.0, 0.0, 0.0, 0.0, 0.0, 0.0, 0.0, 0.0, 0.0, 0.0, 32.219799041748047, 32.863998413085938, 32.076698303222656, 32.256401062011719, 29.961200714111328, 30.767200469970703, 29.902399063110352, 30.793100357055664, 28.929500579833984, 25.848400115966797, 29.077999114990234, 28.169500350952148, 27.806800842285156, 29.038900375366211, 32.457298278808594, 34.200199127197266, 36.171398162841797, 35.969001770019531, 37.435798645019531, 36.676700592041016, 35.407798767089844, 34.269001007080078, 33.354900360107422, 32.192901611328125, 31.314599990844727, 28.621299743652344, 26.03700065612793, 24.103900909423828, 23.229299545288086,
.0, 0.0, 0.0, 0.0, 0.0, 0.0, 0.0, 0.0, 0.0, 0.0, 0.0, 0.0, 0.0, 0.0, 30.458999633789062, 31.368600845336914, 32.025398254394531, 32.712299346923828, 31.749799728393555, 31.609899520874023, 29.155799865722656, 30.418300628662109, 31.675600051879883, 32.993099212646484, 33.407798767089844, 32.625900268554688, 30.861099243164062, 29.8572998046875, 31.015800476074219, 30.23699951171875, 32.971698760986328, 33.552898406982422, 36.438899993896484, 36.468898773193359, 37.831798553466797, 37.417800903320312, 37.033798217773438, 35.260799407958984, 34.118698120117188, 32.7322998046875, 31.469600677490234, 29.271600723266602, 26.014799118041992, 24.160999298095703, 23.267999649047852,
.0, 0.0, 0.0, 0.0, 0.0, 0.0, 0.0, 0.0, 0.0, 0.0, 0.0, 0.0, 0.0, 0.0, 29.719400405883789, 30.299200057983398, 30.795299530029297, 31.886600494384766, 31.404699325561523, 31.084400177001953, 28.597999572753906, 30.135299682617188, 30.94529914855957, 33.809101104736328, 33.057399749755859, 33.136001586914062, 31.662500381469727, 33.070201873779297, 35.348800659179688, 34.687698364257812, 35.499000549316406, 35.423000335693359, 36.655200958251953, 36.493698120117188, 38.059501647949219, 37.817100524902344, 38.075099945068359, 36.541099548339844, 33.866298675537109, 31.854000091552734, 31.031400680541992, 30.121500015258789, 28.898300170898438, 26.359699249267578, 24.784500122070312,
.0, 0.0, 0.0, 0.0, 0.0, 0.0, 0.0, 0.0, 0.0, 0.0, 0.0, 0.0, 0.0, 0.0, 30.613899230957031, 30.845100402832031, 31.703699111938477, 32.820899963378906, 32.617698669433594, 33.101200103759766, 28.146200180053711, 30.428899765014648, 31.061300277709961, 32.30670166015625, 31.697999954223633, 32.762199401855469, 33.865398406982422, 34.809600830078125, 37.976299285888672, 37.752201080322266, 37.108001708984375, 36.421501159667969, 37.701698303222656, 37.674800872802734, 38.282501220703125, 38.054401397705078, 38.0364990234375, 36.718498229980469, 33.951499938964844, 31.456499099731445, 32.371498107910156, 30.571599960327148, 29.788200378417969, 27.899099349975586, 25.70359992980957,
.0, 0.0, 0.0, 0.0, 0.0, 0.0, 0.0, 0.0, 0.0, 0.0, 0.0, 0.0, 0.0, 0.0, 30.616500854492188, 30.833000183105469, 31.305099487304688, 32.299098968505859, 32.071998596191406, 32.330101013183594, 27.768999099731445, 29.656700134277344, 30.936800003051758, 32.846401214599609, 32.202999114990234, 33.578601837158203, 33.743198394775391, 35.403099060058594, 38.020099639892578, 37.483200073242188, 36.840801239013672, 36.763599395751953, 37.595699310302734, 37.862598419189453, 38.379299163818359, 37.751399993896484, 37.210399627685547, 36.018001556396484, 34.382701873779297, 32.902900695800781, 32.697299957275391, 31.833000183105469, 31.383399963378906, 29.932500839233398, 27.498699188232422,
