MRPI/sm.asc
NCOLS 310
NROWS 350
XLLCORNER -124.84375
YLLCORNER 31.15625
CELLSIZE 0.0625
NODATA_VALUE = -9999
[rows 240 to 259 of 350, columns 0 to 44 of 310]
.0, 0.0, 0.0, 0.0, 0.0, 0.0, 0.0, 0.0, 0.0, 0.0, 0.0, 0.0, 0.0, 0.0, 0.0, 0.0, 0.0, 0.0, 0.0, 0.0, 0.0, 0.0, 0.0, 0.0, 24.920499801635742, 25.751300811767578, 25.12969970703125, 25.502300262451172, 24.662500381469727, 24.636199951171875, 23.673900604248047, 22.681400299072266, 34.777999877929688, 35.590801239013672, 36.306598663330078, 33.911899566650391, 29.117599487304688, 26.221200942993164, 28.53230094909668, 27.329299926757812, 24.812400817871094, 23.863100051879883, 27.167600631713867, 26.002399444580078, 21.855300903320312,
.0, 0.0, 0.0, 0.0, 0.0, 0.0, 0.0, 0.0, 0.0, 0.0, 0.0, 0.0, 0.0, 0.0, 0.0, 0.0, 0.0, 0.0, 0.0, 0.0, 0.0, 0.0, 0.0, 0.0, 23.933300018310547, 24.995399475097656, 24.297599792480469, 24.957300186157227, 24.556800842285156, 24.98900032043457, 23.933000564575195, 25.965499877929688, 31.317899703979492, 32.358299255371094, 33.004798889160156, 32.21099853515625, 28.524599075317383, 26.535699844360352, 28.029699325561523, 26.383100509643555, 24.36669921875, 23.297500610351562, 26.343099594116211, 26.145200729370117, 21.774900436401367,
.0, 0.0, 0.0, 0.0, 0.0, 0.0, 0.0, 0.0, 0.0, 0.0, 0.0, 0.0, 0.0, 0.0, 25.658899307250977, 25.618999481201172, 26.132400512695312, 25.811399459838867, 25.737899780273438, 25.729400634765625, 26.203500747680664, 26.219100952148438, 26.242599487304688, 25.974899291992188, 26.419200897216797, 26.7322998046875, 26.637300491333008, 27.252700805664062, 26.807199478149414, 26.56049919128418, 24.584199905395508, 24.102300643920898, 26.710899353027344, 26.903999328613281, 27.555099487304688, 26.877199172973633, 26.06089973449707, 25.41510009765625, 25.840799331665039, 24.631900787353516, 22.795200347900391, 22.181400299072266, 22.711700439453125, 22.620399475097656, 22.066400527954102,
.0, 0.0, 0.0, 0.0, 0.0, 0.0, 0.0, 0.0, 0.0, 0.0, 0.0, 0.0, 0.0, 0.0, 23.520099639892578, 25.955099105834961, 26.014400482177734, 25.861700057983398, 25.628299713134766, 25.899999618530273, 26.349199295043945, 26.391199111938477, 25.357900619506836, 25.370800018310547, 26.068199157714844, 26.522899627685547, 26.577400207519531, 26.949899673461914, 25.914300918579102, 25.976499557495117, 25.319299697875977, 26.051399230957031, 25.434799194335938, 24.698999404907227, 23.913600921630859, 23.642599105834961, 23.920900344848633, 24.990699768066406, 25.124099731445312, 24.241600036621094, 23.217300415039062, 22.271400451660156, 23.661300659179688, 24.392000198364258, 23.188400268554688,
.0, 0.0, 0.0, 0.0, 0.0, 0.0, 0.0, 0.0, 0.0, 0.0, 0.0, 0.0, 0.0, 0.0, 0.0, 0.0, 26.90730094909668, 26.8656005859375, 26.827199935913086, 26.875099182128906, 27.626800537109375, 27.648899078369141, 27.272100448608398, 27.271699905395508, 26.148500442504883, 26.759700775146484, 26.224599838256836, 26.480899810791016, 23.468700408935547, 25.629299163818359, 28.196199417114258, 28.895900726318359, 28.54949951171875, 28.691499710083008, 26.467599868774414, 24.175800323486328, 22.924299240112305, 23.618600845336914, 24.061300277709961, 23.710199356079102, 23.886199951171875, 23.202299118041992, 22.916900634765625, 21.836399078369141, 20.157800674438477,
.0, 0.0, 0.0, 0.0, 0.0, 0.0, 0.0, 0.0, 0.0, 0.0, 0.0, 0.0, 0.0, 0.0, 0.0, 0.0, 26.600099563598633, 26.53380012512207, 26.681299209594727, 26.782400131225586, 27.823999404907227, 27.811899185180664, 27.283199310302734, 27.364200592041016, 25.924400329589844, 26.512699127197266, 25.895299911499023, 26.003700256347656, 22.919000625610352, 24.576799392700195, 28.74329948425293, 28.182600021362305, 29.632900238037109, 28.150800704956055, 28.130899429321289, 25.913200378417969, 25.459100723266602, 23.164499282836914, 23.511100769042969, 23.957599639892578, 23.934099197387695, 23.480400085449219, 23.417900085449219, 21.881000518798828, 19.785299301147461,
.0, 0.0, 0.0, 0.0, 0.0, 0.0, 0.0, 0.0, 0.0, 0.0, 0.0, 0.0, 0.0, 0.0, 0.0, 0.0, 26.432300567626953, 26.329399108886719, 26.847499847412109, 26.575399398803711, 26.023000717163086, 26.171699523925781, 26.258199691772461, 26.168800354003906, 24.016799926757812, 23.769899368286133, 22.682100296020508, 22.723199844360352, 22.141799926757812, 24.136899948120117, 28.409500122070312, 30.180299758911133, 30.503900527954102, 30.086799621582031, 29.234500885009766, 27.011499404907227, 25.949899673461914, 23.977399826049805, 25.20319938659668, 21.981899261474609, 22.124599456787109, 22.072299957275391, 22.149200439453125, 20.877899169921875, 19.082000732421875,
.0, 0.0, 0.0, 0.0, 0.0, 0.0, 0.0, 0.0, 0.0, 0.0, 0.0, 0.0, 0.0, 0.0, 0.0, 0.0, 27.481000900268555, 27.242399215698242, 27.653499603271484, 27.67650032043457, 26.761199951171875, 26.366399765014648, 25.799100875854492, 25.701099395751953, 23.05579948425293, 22.657199859619141, 22.088100433349609, 22.027599334716797, 21.309900283813477, 22.986799240112305, 25.779399871826172, 26.714099884033203, 28.125099182128906, 28.222799301147461, 28.554500579833984, 26.997900009155273, 25.111900329589844, 24.396799087524414, 24.675800323486328, 22.171300888061523, 21.997900009155273, 21.534000396728516, 21.589599609375, 20.329999923706055, 18.76569938659668,
.0, 0.0, 0.0, 0.0, 0.0, 0.0, 0.0, 0.0, 0.0, 0.0, 0.0, 0.0, 0.0, 0.0, 0.0, 0.0, 0.0, 0.0, 25.390199661254883, 25.066999435424805, 24.553899765014648, 24.237699508666992, 24.319099426269531, 24.262199401855469, 21.945999145507812, 21.810199737548828, 20.369600296020508, 19.996599197387695, 19.967300415039062, 19.977100372314453, 19.25629997253418, 20.666000366210938, 22.924600601196289, 23.446399688720703, 24.833499908447266, 24.942600250244141, 26.090799331665039, 26.420299530029297, 26.983100891113281, 24.971700668334961, 23.671899795532227, 22.709100723266602, 21.707199096679688, 20.398899078369141, 18.744899749755859,
.0, 0.0, 0.0, 0.0, 0.0, 0.0, 0.0, 0.0, 0.0, 0.0, 0.0, 0.0, 0.0, 0.0, 0.0, 0.0, 0.0, 0.0, 24.775400161743164, 24.437099456787109, 23.74370002746582, 23.449399948120117, 23.435699462890625, 22.913999557495117, 20.825399398803711, 20.034400939941406, 19.257999420166016, 19.134000778198242, 19.080999374389648, 18.862800598144531, 18.05419921875, 16.174999237060547, 20.101999282836914, 20.630300521850586, 21.820600509643555, 22.968900680541992, 25.59119987487793, 25.700199127197266, 26.582199096679688, 25.757400512695312, 24.232500076293945, 22.95359992980957, 21.970399856567383, 21.071800231933594, 20.308399200439453,
.0, 0.0, 0.0, 0.0, 0.0, 0.0, 0.0, 0.0, 0.0, 0.0, 0.0, 0.0, 24.947099685668945, 23.857200622558594, 24.265300750732422, 24.426200866699219, 24.190399169921875, 23.886199951171875, 23.572900772094727, 23.516899108886719, 22.627399444580078, 22.155099868774414, 23.057500839233398, 22.198299407958984, 20.258600234985352, 20.183900833129883, 19.290800094604492, 19.437099456787109, 19.16510009765625, 18.614099502563477, 19.194400787353516, 19.663700103759766, 19.753400802612305, 20.434600830078125, 21.610099792480469, 21.76569938659668, 22.136199951171875, 22.40410041809082, 22.776500701904297, 22.178199768066406, 22.902599334716797, 22.281400680541992, 22.227100372314453, 22.399599075317383, 22.807300567626953,
.0, 0.0, 0.0, 0.0, 0.0, 0.0, 0.0, 0.0, 0.0, 0.0, 0.0, 0.0, 25.291500091552734, 24.91309928894043, 24.323299407958984, 23.160200119018555, 22.966899871826172, 23.026599884033203, 22.954999923706055, 22.738899230957031, 22.145299911499023, 22.125299453735352, 22.513700485229492, 22.114900588989258, 20.165000915527344, 20.141199111938477, 19.341100692749023, 19.366399765014648, 19.048999786376953, 19.333599090576172, 19.44529914855957, 19.848300933837891, 18.686000823974609, 20.227100372314453, 21.675600051879883, 21.3927001953125, 21.686800003051758, 21.93549919128418, 22.97760009765625, 22.946599960327148, 23.686300277709961, 22.838399887084961, 22.833799362182617, 23.058500289916992, 24.446100234985352,
.0, 0.0, 0.0, 0.0, 0.0, 0.0, 0.0, 0.0, 0.0, 0.0, 0.0, 0.0, 0.0, 0.0, 0.0, 0.0, 0.0, 0.0, 21.805200576782227, 22.391199111938477, 22.194700241088867, 22.517200469970703, 22.206300735473633, 22.352899551391602, 20.569999694824219, 20.807100296020508, 21.127700805664062, 21.018199920654297, 19.370100021362305, 19.366100311279297, 18.639499664306641, 18.626100540161133, 19.481399536132812, 19.313199996948242, 19.401500701904297, 19.314899444580078, 19.567100524902344, 20.688100814819336, 23.45789909362793, 24.068099975585938, 24.538200378417969, 23.033500671386719, 23.358400344848633, 22.817399978637695, 23.472400665283203,
.0, 0.0, 0.0, 0.0, 0.0, 0.0, 0.0, 0.0, 0.0, 0.0, 0.0, 0.0, 0.0, 0.0, 0.0, 0.0, 0.0, 0.0, 21.755199432373047, 22.574399948120117, 22.645299911499023, 22.748699188232422, 22.546199798583984, 22.769899368286133, 20.87030029296875, 21.552600860595703, 21.781999588012695, 21.985099792480469, 20.309600830078125, 20.3218994140625, 18.151399612426758, 17.239099502563477, 17.957199096679688, 18.671199798583984, 19.200700759887695, 19.275699615478516, 19.147899627685547, 20.06719970703125, 22.563699722290039, 23.378499984741211, 24.576400756835938, 23.689800262451172, 25.011199951171875, 23.814699172973633, 23.834499359130859,
.0, 0.0, 0.0, 0.0, 0.0, 0.0, 0.0, 0.0, 0.0, 0.0, 0.0, 0.0, 21.823799133300781, 22.325000762939453, 22.382699966430664, 21.968599319458008, 22.213800430297852, 22.521600723266602, 22.656499862670898, 23.353099822998047, 22.487199783325195, 23.027799606323242, 21.859199523925781, 21.689899444580078, 21.694499969482422, 22.005100250244141, 22.497299194335938, 22.910299301147461, 22.503700256347656, 21.97450065612793, 19.026599884033203, 14.699600219726562, 15.068099975585938, 14.496199607849121, 18.604700088500977, 19.032199859619141, 19.292900085449219, 19.94219970703125, 20.658000946044922, 21.205900192260742, 22.748100280761719, 22.447900772094727, 23.121999740600586, 23.851400375366211, 25.186700820922852,
.0, 0.0, 0.0, 0.0, 0.0, 0.0, 0.0, 0.0, 0.0, 0.0, 0.0, 0.0, 22.247699737548828, 21.979000091552734, 21.801399230957031, 22.078300476074219, 22.582300186157227, 22.877799987792969, 23.216499328613281, 23.529499053955078, 23.000200271606445, 23.214399337768555, 22.611799240112305, 22.952699661254883, 22.636699676513672, 22.387599945068359, 23.050100326538086, 22.959100723266602, 22.752500534057617, 21.746500015258789, 19.173200607299805, 18.156099319458008, 18.243000030517578, 18.893100738525391, 19.168899536132812, 19.30470085144043, 12.069000244140625, 20.256500244140625, 20.474000930786133, 16.807300567626953, 21.981800079345703, 22.566999435424805, 23.600299835205078, 23.179800033569336, 26.969699859619141,
.0, 0.0, 0.0, 0.0, 0.0, 0.0, 0.0, 0.0, 0.0, 0.0, 22.503700256347656, 22.660999298095703, 22.674800872802734, 22.20159912109375, 22.661300659179688, 22.69219970703125, 22.615299224853516, 22.932600021362305, 23.439300537109375, 24.139699935913086, 23.661600112915039, 23.856300354003906, 23.215599060058594, 23.267599105834961, 22.686700820922852, 22.11039924621582, 20.668300628662109, 20.711599349975586, 0.0, 0.0, 0.0, 0.0, 0.0, 0.0, 0.0, 0.0, 17.755599975585938, 8.7531003952026367, 17.052900314331055, 10.886799812316895, 21.321500778198242, 20.636499404907227, 22.8302001953125, 24.240100860595703, 27.681299209594727,
.0, 0.0, 0.0, 0.0, 0.0, 0.0, 0.0, 0.0, 0.0, 0.0, 22.209299087524414, 21.989799499511719, 22.094900131225586, 22.392299652099609, 22.93120002746582, 23.171100616455078, 22.598499298095703, 22.370599746704102, 22.597099304199219, 23.223400115966797, 23.053400039672852, 23.520299911499023, 23.211599349975586, 22.851699829101562, 22.264400482177734, 21.76099967956543, 20.351800918579102, 19.396799087524414, 0.0, 0.0, 0.0, 0.0, 0.0, 0.0, 0.0, 0.0, 20.163400650024414, 12.815299987792969, 9.9624004364013672, 9.4437999725341797, 21.173000335693359, 17.38599967956543, 21.248800277709961, 26.432699203491211, 29.251800537109375,
.0, 0.0, 0.0, 0.0, 0.0, 0.0, 0.0, 0.0, 0.0, 0.0, 21.934299468994141, 22.048000335693359, 22.506399154663086, 23.105800628662109, 23.518600463867188, 23.671199798583984, 24.91510009765625, 24.134599685668945, 24.550399780273438, 24.996599197387695, 26.472299575805664, 27.645599365234375, 26.04210090637207, 25.565999984741211, 22.555999755859375, 21.864400863647461, 19.86039924621582, 19.112100601196289, 18.656200408935547, 18.912599563598633, 18.870399475097656, 19.384500503540039, 0.0, 0.0, 0.0, 0.0, 0.0, 0.0, 0.0, 0.0, 15.963399887084961, 21.660100936889648, 18.954000473022461, 24.95989990234375, 28.072500228881836,
.0, 0.0, 0.0, 0.0, 0.0, 0.0, 0.0, 0.0, 0.0, 0.0, 22.074100494384766, 22.365100860595703, 23.120399475097656, 23.302999496459961, 23.468299865722656, 23.706300735473633, 24.980300903320312, 25.178800582885742, 24.919500350952148, 25.425899505615234, 26.617300033569336, 27.486600875854492, 25.876199722290039, 25.448299407958984, 22.431900024414062, 21.442100524902344, 19.613800048828125, 19.282400131225586, 18.49799919128418, 19.017099380493164, 19.084400177001953, 19.750499725341797, 0.0, 0.0, 0.0, 0.0, 0.0, 0.0, 0.0, 0.0, 18.096900939941406, 12.828000068664551, 21.09480094909668, 23.705400466918945, 25.350700378417969,
