MRPI/sm.asc
NCOLS 310
NROWS 350
XLLCORNER -124.84375
YLLCORNER 31.15625
CELLSIZE 0.0625
NODATA_VALUE = -9999
[rows 80 to 99 of 350, columns 45 to 89 of 310]
0.0, 0.0, 0.0, 0.0, 0.0, 10.199899673461914, 10.314700126647949, 12.185600280761719, 10.24590015411377, 11.180399894714355, 12.351699829101562, 15.562199592590332, 19.309700012207031, 21.373899459838867, 22.603700637817383, 21.367399215698242, 21.384899139404297, 21.280399322509766, 21.157699584960938, 21.60930061340332, 21.765199661254883, 21.779199600219727, 22.765399932861328, 25.115299224853516, 22.756599426269531, 16.057399749755859, 11.90880012512207, 9.5246000289916992, 9.4419002532958984, 9.6911001205444336, 9.7278995513916016, 9.6058998107910156, 12.666600227355957, 18.879800796508789, 23.27440071105957, 25.75629997253418, 26.847299575805664, 27.298200607299805, 23.447299957275391, 16.008800506591797, 12.796199798583984, 10.13640022277832, 9.4993000030517578, 9.5382003784179688, 9.2207002639770508,
0.0, 0.0, 0.0, 0.0, 0.0, 15.08899974822998, 13.37339973449707, 10.675700187683105, 9.9156999588012695, 13.835399627685547, 15.490200042724609, 19.970699310302734, 22.575099945068359, 22.409700393676758, 21.557399749755859, 21.161600112915039, 21.281700134277344, 21.282199859619141, 21.508600234985352, 21.492900848388672, 22.099000930786133, 21.731500625610352, 22.572000503540039, 25.32080078125, 22.982900619506836, 16.148799896240234, 12.107399940490723, 10.768899917602539, 10.236200332641602, 11.89210033416748, 12.217000007629395, 12.196200370788574, 14.28279972076416, 19.052999496459961, 22.418699264526367, 25.942399978637695, 27.278499603271484, 24.806999206542969, 18.55109977722168, 12.62399959564209, 9.6000995635986328, 9.3150997161865234, 9.2207002639770508, 8.2349996566772461, 11.094699859619141,
0.0, 0.0, 0.0, 12.456999778747559, 14.194600105285645, 13.956600189208984, 14.684700012207031, 13.11359977722168, 13.992500305175781, 17.205699920654297, 22.988800048828125, 23.300399780273438, 22.256599426269531, 20.996400833129883, 21.058599472045898, 21.185800552368164, 21.457700729370117, 21.394199371337891, 21.385400772094727, 22.337099075317383, 22.025100708007812, 21.653999328613281, 23.023899078369141, 25.323600769042969, 25.753799438476562, 22.982999801635742, 18.624099731445312, 12.021599769592285, 11.148599624633789, 15.672599792480469, 17.757099151611328, 17.828399658203125, 18.874799728393555, 20.657100677490234, 22.521299362182617, 25.582599639892578, 24.45159912109375, 17.701200485229492, 13.587499618530273, 10.642499923706055, 9.903900146484375, 9.2207002639770508, 9.2207002639770508, 10.058500289916992, 9.746800422668457,
0.0, 0.0, 0.0, 14.103899955749512, 13.957200050354004, 15.620599746704102, 11.487199783325195, 14.491800308227539, 16.170700073242188, 20.928899765014648, 23.22559928894043, 21.210500717163086, 20.633600234985352, 18.735500335693359, 18.735099792480469, 20.479000091552734, 21.108299255371094, 21.635299682617188, 21.582700729370117, 22.093099594116211, 22.759199142456055, 22.958200454711914, 24.356899261474609, 26.079799652099609, 25.341899871826172, 22.523700714111328, 18.531000137329102, 14.10260009765625, 14.494400024414062, 19.765899658203125, 22.107099533081055, 22.108699798583984, 21.097900390625, 18.908500671386719, 19.473800659179688, 21.46619987487793, 19.208200454711914, 12.74370002746582, 10.31089973449707, 10.195699691772461, 9.7062997817993164, 9.2206001281738281, 9.2360000610351562, 9.3359003067016602, 7.7197999954223633,
0.0, 0.0, 0.0, 14.89009952545166, 14.682900428771973, 12.799699783325195, 10.933500289916992, 11.084199905395508, 14.483400344848633, 15.440500259399414, 17.556999206542969, 18.801200866699219, 18.971900939941406, 16.602199554443359, 16.455999374389648, 18.735200881958008, 20.995199203491211, 22.004199981689453, 22.263700485229492, 21.877099990844727, 23.371999740600586, 25.154499053955078, 25.942600250244141, 26.338199615478516, 22.378700256347656, 14.673399925231934, 13.154500007629395, 15.918700218200684, 19.776699066162109, 23.118600845336914, 25.31719970703125, 25.319700241088867, 21.411100387573242, 15.072699546813965, 12.223299980163574, 13.326399803161621, 12.131899833679199, 10.304300308227539, 9.8577003479003906, 9.7813997268676758, 9.6603002548217773, 9.2250003814697266, 9.2206001281738281, 9.2207002639770508, 9.7810001373291016,
0.0, 0.0, 0.0, 14.163000106811523, 12.529000282287598, 12.660699844360352, 15.483400344848633, 16.204200744628906, 12.727299690246582, 11.215100288391113, 12.148799896240234, 16.600500106811523, 20.082700729370117, 17.607000350952148, 16.724399566650391, 19.712799072265625, 22.259199142456055, 22.298099517822266, 22.408599853515625, 22.974199295043945, 23.536699295043945, 25.377500534057617, 25.962099075317383, 25.402500152587891, 21.147600173950195, 13.368200302124023, 12.786800384521484, 19.048799514770508, 23.186899185180664, 25.377300262451172, 25.304300308227539, 22.986400604248047, 18.723899841308594, 12.237600326538086, 9.328700065612793, 9.2207002639770508, 9.249699592590332, 9.7849998474121094, 9.8850002288818359, 9.3355998992919922, 11.845700263977051, 10.791099548339844, 10.187999725341797, 10.529600143432617, 12.076999664306641,
0.0, 0.0, 0.0, 18.190500259399414, 19.554500579833984, 15.354499816894531, 15.635100364685059, 14.165300369262695, 12.596500396728516, 11.183500289916992, 10.850799560546875, 15.89900016784668, 17.132499694824219, 18.237600326538086, 20.843000411987305, 21.338100433349609, 22.118499755859375, 21.536899566650391, 22.739900588989258, 24.385400772094727, 25.378499984741211, 25.962299346923828, 25.37809944152832, 23.363800048828125, 21.091499328613281, 18.561700820922852, 19.031099319458008, 23.179100036621094, 25.377099990844727, 25.961399078369141, 22.983100891113281, 16.574699401855469, 12.02180004119873, 10.136300086975098, 9.3731002807617188, 9.2207002639770508, 9.8766002655029297, 10.386799812316895, 10.682299613952637, 10.031900405883789, 12.484399795532227, 12.730899810791016, 12.53849983215332, 14.283699989318848, 13.739199638366699,
0.0, 0.0, 0.0, 16.373500823974609, 21.119300842285156, 17.156999588012695, 14.006899833679199, 13.610799789428711, 13.158900260925293, 12.659500122070312, 13.337599754333496, 14.576999664306641, 14.291799545288086, 19.574100494384766, 22.218900680541992, 22.10460090637207, 21.194700241088867, 20.34429931640625, 21.637599945068359, 24.776300430297852, 25.961799621582031, 25.37809944152832, 24.704000473022461, 22.107200622558594, 21.012800216674805, 20.99370002746582, 22.132400512695312, 25.321300506591797, 25.304399490356445, 22.983200073242188, 18.71619987487793, 12.140399932861328, 9.4279003143310547, 9.3884000778198242, 9.6112003326416016, 9.4788999557495117, 9.5726003646850586, 10.124699592590332, 11.224399566650391, 10.615799903869629, 12.369799613952637, 15.129500389099121, 15.416399955749512, 14.031599998474121, 12.928500175476074,
0.0, 0.0, 0.0, 0.0, 0.0, 18.936000823974609, 17.33329963684082, 11.869600296020508, 13.941100120544434, 14.356900215148926, 13.13070011138916, 11.304699897766113, 14.420499801635742, 19.963100433349609, 20.534799575805664, 19.998199462890625, 19.414899826049805, 18.282800674438477, 19.190000534057617, 23.996400833129883, 25.504999160766602, 23.363500595092773, 22.353099822998047, 21.671699523925781, 21.056999206542969, 21.071699142456055, 22.138700485229492, 25.321399688720703, 23.410200119018555, 16.221399307250977, 12.386300086975098, 10.273799896240234, 9.2206001281738281, 9.2206001281738281, 9.2206001281738281, 9.6220998764038086, 11.498600006103516, 11.712499618530273, 11.514599800109863, 11.659199714660645, 13.219300270080566, 12.465800285339355, 14.521900177001953, 14.735500335693359, 12.818599700927734,
0.0, 0.0, 0.0, 0.0, 0.0, 19.747800827026367, 19.085699081420898, 15.387200355529785, 15.735799789428711, 16.702400207519531, 14.246299743652344, 15.01609992980957, 15.32289981842041, 17.310300827026367, 18.83799934387207, 17.198299407958984, 15.668899536132812, 16.542400360107422, 17.822700500488281, 22.364400863647461, 24.739200592041016, 22.323099136352539, 21.554899215698242, 22.118900299072266, 22.16309928894043, 22.307500839233398, 22.088699340820312, 22.019899368286133, 18.80470085144043, 12.496299743652344, 9.2206001281738281, 9.5706996917724609, 9.7235002517700195, 9.9708995819091797, 10.235899925231934, 11.377499580383301, 4.656400203704834, 6.5666999816894531, 13.252699851989746, 13.216899871826172, 13.412199974060059, 12.183899879455566, 12.3125, 14.054699897766113, 16.462200164794922,
0.0, 0.0, 0.0, 0.0, 0.0, 14.652700424194336, 15.5, 15.56719970703125, 16.63800048828125, 20.36870002746582, 23.196399688720703, 20.387199401855469, 17.595399856567383, 16.498899459838867, 17.79789924621582, 17.395299911499023, 17.28179931640625, 14.957599639892578, 15.259599685668945, 19.465599060058594, 22.253999710083008, 21.652599334716797, 22.140100479125977, 24.222200393676758, 25.322200775146484, 25.322000503540039, 21.955799102783203, 16.149099349975586, 12.363200187683105, 10.382900238037109, 9.527099609375, 10.735199928283691, 11.047300338745117, 11.17039966583252, 11.527199745178223, 10.813899993896484, 0.040699999779462814, 9.6431999206542969, 14.844300270080566, 13.038599967956543, 12.956399917602539, 12.711000442504883, 15.253100395202637, 16.791900634765625, 19.551000595092773,
0.0, 0.0, 0.0, 0.0, 0.0, 13.974399566650391, 14.119099617004395, 16.761899948120117, 19.638200759887695, 22.983499526977539, 25.199100494384766, 21.008600234985352, 18.021299362182617, 17.0093994140625, 15.621500015258789, 16.162700653076172, 15.015199661254883, 11.919599533081055, 12.687199592590332, 17.878400802612305, 21.498899459838867, 22.098800659179688, 23.179500579833984, 24.320199966430664, 24.212699890136719, 22.516199111938477, 18.681299209594727, 12.130999565124512, 9.2263002395629883, 9.2206001281738281, 9.2207002639770508, 10.471400260925293, 10.802800178527832, 11.84160041809082, 12.827199935913086, 12.667200088500977, 12.037699699401855, 13.945500373840332, 12.498100280761719, 11.303799629211426, 12.003999710083008, 13.424699783325195, 16.206300735473633, 18.895999908447266, 20.984800338745117,
0.0, 0.0, 0.0, 13.685199737548828, 12.928199768066406, 9.4638996124267578, 14.019200325012207, 21.396900177001953, 23.294900894165039, 25.305400848388672, 24.190399169921875, 18.716899871826172, 17.470399856567383, 16.566499710083008, 15.219799995422363, 13.415499687194824, 12.097999572753906, 9.6693000793457031, 12.13230037689209, 17.704200744628906, 22.057500839233398, 24.220800399780273, 24.294099807739258, 23.265899658203125, 20.042900085449219, 15.462400436401367, 12.403499603271484, 10.136199951171875, 9.4198999404907227, 9.2206001281738281, 9.4848003387451172, 11.139599800109863, 12.691699981689453, 12.88379955291748, 12.452199935913086, 13.69320011138916, 11.722700119018555, 11.192099571228027, 10.285499572753906, 10.936800003051758, 12.095499992370605, 16.676599502563477, 19.950399398803711, 17.452999114990234, 16.760499954223633,
0.0, 0.0, 0.0, 13.279999732971191, 14.632900238037109, 12.605299949645996, 15.583100318908691, 20.686599731445312, 22.037700653076172, 23.807399749755859, 21.346399307250977, 16.812000274658203, 15.211199760437012, 17.143999099731445, 15.356200218200684, 12.477800369262695, 11.107500076293945, 11.50100040435791, 14.49530029296875, 19.764900207519531, 23.15049934387207, 24.294399261474609, 24.345300674438477, 22.249099731445312, 18.006200790405273, 12.030699729919434, 9.4450998306274414, 9.5117998123168945, 9.2203998565673828, 10.407699584960938, 11.352800369262695, 11.843700408935547, 10.093600273132324, 9.6794004440307617, 10.66670036315918, 11.406200408935547, 11.370100021362305, 11.459600448608398, 11.611300468444824, 13.497699737548828, 14.180999755859375, 17.097099304199219, 19.240800857543945, 20.277700424194336, 17.459600448608398,
10.728400230407715, 10.994099617004395, 12.932499885559082, 14.337699890136719, 15.79740047454834, 15.299699783325195, 15.351200103759766, 18.050100326538086, 19.646999359130859, 18.491800308227539, 17.476999282836914, 15.939299583435059, 15.134099960327148, 16.706499099731445, 15.499300003051758, 14.273500442504883, 13.066300392150879, 15.977199554443359, 19.953699111938477, 23.185699462890625, 24.316299438476562, 23.177200317382812, 22.093000411987305, 21.544700622558594, 17.814699172973633, 12.277299880981445, 9.6029996871948242, 9.5395002365112305, 10.233799934387207, 12.088000297546387, 11.965499877929688, 12.825799942016602, 11.706600189208984, 10.444299697875977, 10.373499870300293, 10.195799827575684, 10.291500091552734, 10.700699806213379, 13.505399703979492, 13.634900093078613, 13.380100250244141, 15.828499794006348, 16.451799392700195, 17.925800323486328, 18.711099624633789,
10.999099731445312, 11.865099906921387, 12.971400260925293, 16.125600814819336, 16.215400695800781, 14.328700065612793, 16.364799499511719, 17.005399703979492, 16.129800796508789, 14.604399681091309, 14.850000381469727, 14.189700126647949, 15.274999618530273, 16.684999465942383, 16.309099197387695, 14.952300071716309, 16.375499725341797, 20.327400207519531, 23.272100448608398, 25.386600494384766, 24.284900665283203, 19.812200546264648, 17.838499069213867, 17.802299499511719, 15.857600212097168, 11.26099967956543, 10.049699783325195, 9.8238000869750977, 10.381999969482422, 10.076399803161621, 11.22130012512207, 11.371600151062012, 10.797200202941895, 10.332500457763672, 10.139300346374512, 11.102700233459473, 12.449999809265137, 13.39430046081543, 14.488900184631348, 14.25, 12.47599983215332, 15.654000282287598, 16.522100448608398, 19.054300308227539, 20.049600601196289,
12.622900009155273, 13.348899841308594, 14.341400146484375, 15.410300254821777, 14.695899963378906, 17.170000076293945, 17.307500839233398, 17.68280029296875, 15.182100296020508, 13.857600212097168, 14.077699661254883, 14.219099998474121, 15.640500068664551, 15.971099853515625, 16.410999298095703, 17.616500854492188, 20.379400253295898, 23.309799194335938, 25.377799987792969, 25.998500823974609, 22.589500427246094, 15.462400436401367, 12.237600326538086, 12.345100402832031, 11.106900215148926, 9.9018001556396484, 9.2206001281738281, 9.2302999496459961, 9.4134998321533203, 9.4745998382568359, 9.538599967956543, 9.3809995651245117, 9.4076004028320312, 10.715700149536133, 11.212900161743164, 13.73289966583252, 14.266599655151367, 14.375300407409668, 14.058799743652344, 13.899100303649902, 12.249500274658203, 14.411499977111816, 16.689199447631836, 17.820100784301758, 18.102800369262695,
12.537500381469727, 4.9388999938964844, 6.6293001174926758, 3.7629001140594482, 11.942999839782715, 16.472200393676758, 17.103500366210938, 17.431999206542969, 14.378800392150879, 14.103400230407715, 14.776900291442871, 15.747699737548828, 15.05109977722168, 14.785300254821777, 15.748499870300293, 18.839500427246094, 21.52910041809082, 22.610799789428711, 22.597900390625, 21.326200485229492, 17.592599868774414, 10.569999694824219, 8.261500358581543, 8.0268001556396484, 9.1059999465942383, 10.749500274658203, 11.867799758911133, 11.380599975585938, 11.700200080871582, 10.109100341796875, 9.7847995758056641, 10.393199920654297, 10.264900207519531, 11.094799995422363, 12.826700210571289, 14.167200088500977, 14.038100242614746, 15.961099624633789, 14.250699996948242, 14.617300033569336, 16.364700317382812, 14.301400184631348, 16.756599426269531, 14.60159969329834, 17.591299057006836,
6.7628998756408691, 0.059000000357627869, 0.063699997961521149, 0.071599997580051422, 10.624899864196777, 17.699399948120117, 17.975799560546875, 17.674699783325195, 14.705100059509277, 14.584500312805176, 15.125, 15.461099624633789, 14.472200393676758, 13.460700035095215, 12.625699996948242, 18.503700256347656, 19.935199737548828, 17.986900329589844, 15.44789981842041, 11.030900001525879, 8.0040998458862305, 5.5927000045776367, 5.1468000411987305, 5.5156998634338379, 9.3407001495361328, 8.4406003952026367, 17.357000350952148, 14.82759952545166, 12.317399978637695, 11.94320011138916, 11.913200378417969, 12.103099822998047, 11.939299583435059, 12.262499809265137, 13.438699722290039, 13.946999549865723, 14.113100051879883, 16.983499526977539, 14.999099731445312, 14.560700416564941, 17.028799057006836, 18.180500030517578, 18.440099716186523, 16.670299530029297, 17.512599945068359,
1.6958999633789062, 10.601300239562988, 8.2129001617431641, 0.066200003027915955, 12.208000183105469, 18.53380012512207, 16.968799591064453, 15.122400283813477, 16.845300674438477, 17.147499084472656, 16.150899887084961, 16.353700637817383, 15.659500122070312, 12.654600143432617, 12.06149959564209, 19.036399841308594, 19.577400207519531, 13.641900062561035, 9.1008996963500977, 5.410099983215332, 4.0788998603820801, 6.288599967956543, 7.1384000778198242, 5.4152002334594727, 8.6714000701904297, 15.753899574279785, 18.146200180053711, 15.324600219726562, 13.689999580383301, 13.520899772644043, 14.05519962310791, 16.624500274658203, 15.69629955291748, 12.645500183105469, 15.246399879455566, 15.165499687194824, 16.367500305175781, 16.586000442504883, 18.273599624633789, 18.848400115966797, 18.635799407958984, 19.500999450683594, 17.980600357055664, 16.808599472045898, 17.340999603271484,
