MRPI/sm.asc
NCOLS 310
NROWS 350
XLLCORNER -124.84375
YLLCORNER 31.15625
CELLSIZE 0.0625
NODATA_VALUE = -9999
[rows 180 to 199 of 350, columns 180 to 224 of 310]
22.612100601196289, 22.614099502563477, 23.594699859619141, 24.263700485229492, 23.679399490356445, 23.368400573730469, 23.266000747680664, 23.172599792480469, 30.45789909362793, 30.677700042724609, 29.367099761962891, 26.472499847412109, 23.42609977722168, 25.044900894165039, 26.667200088500977, 24.610300064086914, 22.940099716186523, 22.638700485229492, 22.566999435424805, 22.738800048828125, 23.01099967956543, 22.874799728393555, 22.440999984741211, 21.998500823974609, 22.286899566650391, 22.477100372314453, 22.535999298095703, 22.734399795532227, 23.647699356079102, 22.851400375366211, 22.532600402832031, 22.372800827026367, 25.98390007019043, 24.370700836181641, 22.237300872802734, 22.588399887084961, 23.839000701904297, 25.358299255371094, 27.345100402832031, 25.752599716186523, 25.163600921630859, 25.373300552368164, 25.589899063110352, 25.884099960327148, 26.063899993896484,
21.689899444580078, 21.534599304199219, 22.612400054931641, 22.691600799560547, 22.453300476074219, 22.32080078125, 22.626899719238281, 23.306800842285156, 30.606000900268555, 28.422199249267578, 27.715900421142578, 27.436000823974609, 24.418100357055664, 24.293100357055664, 26.722999572753906, 26.840000152587891, 23.535900115966797, 23.1427001953125, 24.161100387573242, 23.458000183105469, 25.544900894165039, 24.752300262451172, 22.771099090576172, 22.439899444580078, 22.499200820922852, 22.435800552368164, 22.764299392700195, 22.741199493408203, 22.548999786376953, 22.216100692749023, 22.254400253295898, 22.424800872802734, 22.984899520874023, 25.535600662231445, 22.295900344848633, 22.747900009155273, 23.714500427246094, 26.363000869750977, 25.76099967956543, 25.565200805664062, 26.030399322509766, 26.0625, 25.962299346923828, 26.138599395751953, 29.570699691772461,
19.450799942016602, 19.472200393676758, 20.268899917602539, 20.437900543212891, 20.462400436401367, 20.647499084472656, 21.498600006103516, 21.718799591064453, 24.86359977722168, 25.204599380493164, 22.754199981689453, 22.579099655151367, 23.763700485229492, 24.160900115966797, 28.281999588012695, 26.688699722290039, 23.353599548339844, 22.745000839233398, 23.793800354003906, 23.739500045776367, 22.868900299072266, 22.962900161743164, 22.712499618530273, 22.675699234008789, 22.899599075317383, 22.733699798583984, 23.166799545288086, 22.684200286865234, 21.941900253295898, 22.319599151611328, 22.435600280761719, 22.647100448608398, 22.749099731445312, 22.74530029296875, 22.001300811767578, 22.940299987792969, 25.120199203491211, 25.732000350952148, 25.78070068359375, 26.616399765014648, 25.687099456787109, 26.213699340820312, 27.282400131225586, 26.150199890136719, 31.017000198364258,
18.98900032043457, 18.987800598144531, 19.246799468994141, 19.641500473022461, 19.847799301147461, 19.864700317382812, 20.759199142456055, 20.454500198364258, 21.079200744628906, 21.024900436401367, 21.019199371337891, 22.328800201416016, 23.34630012512207, 24.393600463867188, 27.752899169921875, 27.430400848388672, 23.3656005859375, 22.917499542236328, 25.420099258422852, 25.264299392700195, 23.367500305175781, 23.492700576782227, 22.747499465942383, 22.762800216674805, 23.486200332641602, 22.949699401855469, 23.206300735473633, 23.195899963378906, 22.066900253295898, 22.463699340820312, 21.825899124145508, 22.715900421142578, 21.911600112915039, 21.992300033569336, 21.958400726318359, 23.441400527954102, 24.892799377441406, 24.895299911499023, 26.866800308227539, 24.608699798583984, 23.789400100708008, 24.392799377441406, 25.535299301147461, 26.205999374389648, 31.847600936889648,
18.959600448608398, 18.726100921630859, 19.212799072265625, 20.03070068359375, 20.103399276733398, 20.518800735473633, 20.489500045776367, 18.82859992980957, 17.150699615478516, 17.200000762939453, 18.775299072265625, 20.951000213623047, 24.771600723266602, 24.709600448608398, 24.413200378417969, 24.915399551391602, 24.56719970703125, 24.544700622558594, 27.630599975585938, 26.644399642944336, 27.049699783325195, 26.062799453735352, 23.75160026550293, 24.600000381469727, 24.426599502563477, 23.450700759887695, 22.59480094909668, 22.355899810791016, 21.955499649047852, 22.147100448608398, 22.367300033569336, 22.280599594116211, 21.476600646972656, 22.164499282836914, 22.800899505615234, 23.154399871826172, 23.631399154663086, 23.540399551391602, 24.276100158691406, 22.211099624633789, 20.851800918579102, 21.507200241088867, 24.203899383544922, 26.055700302124023, 31.986200332641602,
19.43950080871582, 19.173200607299805, 19.304599761962891, 19.710800170898438, 20.069299697875977, 20.817499160766602, 20.621000289916992, 19.417299270629883, 17.175800323486328, 16.9552001953125, 19.239500045776367, 21.89430046081543, 25.693199157714844, 25.457700729370117, 24.72760009765625, 23.722400665283203, 24.095800399780273, 24.893800735473633, 26.86199951171875, 26.845399856567383, 27.290500640869141, 26.844100952148438, 23.54840087890625, 24.045200347900391, 24.981199264526367, 24.177900314331055, 23.181400299072266, 22.990400314331055, 23.181800842285156, 22.966899871826172, 22.506900787353516, 22.455699920654297, 22.063400268554688, 22.00309944152832, 22.965700149536133, 22.99839973449707, 22.784500122070312, 22.94379997253418, 24.998100280761719, 21.910999298095703, 19.778900146484375, 20.435199737548828, 23.736600875854492, 26.120100021362305, 32.421199798583984,
19.843500137329102, 19.800600051879883, 20.162799835205078, 20.487100601196289, 21.605800628662109, 21.756599426269531, 21.766300201416016, 20.784999847412109, 19.555200576782227, 19.550199508666992, 20.488300323486328, 21.600099563598633, 21.041599273681641, 22.180099487304688, 23.420200347900391, 22.961099624633789, 25.936500549316406, 24.381099700927734, 25.02239990234375, 25.052299499511719, 24.488100051879883, 23.603500366210938, 27.650100708007812, 24.440999984741211, 25.983299255371094, 25.117700576782227, 23.229700088500977, 23.559200286865234, 24.500699996948242, 24.491300582885742, 22.954200744628906, 22.095300674438477, 22.108699798583984, 22.172300338745117, 22.388200759887695, 22.607799530029297, 22.975099563598633, 22.997499465942383, 23.153099060058594, 21.715900421142578, 19.698099136352539, 20.372800827026367, 23.753900527954102, 26.118600845336914, 30.296199798583984,
20.009500503540039, 20.367799758911133, 21.314399719238281, 21.803899765014648, 22.586700439453125, 23.037599563598633, 23.055700302124023, 22.857400894165039, 22.476200103759766, 22.554899215698242, 21.861600875854492, 22.317399978637695, 23.130500793457031, 24.022199630737305, 25.541200637817383, 24.679899215698242, 27.17609977722168, 27.67609977722168, 24.966299057006836, 24.934700012207031, 23.840999603271484, 23.675100326538086, 28.709699630737305, 27.721599578857422, 26.813499450683594, 26.302900314331055, 24.33650016784668, 24.958099365234375, 25.766599655151367, 25.658199310302734, 23.728799819946289, 22.47960090637207, 22.436800003051758, 22.331899642944336, 22.892000198364258, 22.834600448608398, 23.06920051574707, 22.784599304199219, 22.349300384521484, 21.210800170898438, 19.595100402832031, 20.488899230957031, 23.767999649047852, 26.110500335693359, 32.685199737548828,
21.266899108886719, 21.444299697875977, 21.675399780273438, 22.130199432373047, 23.710199356079102, 24.713699340820312, 25.214500427246094, 24.698099136352539, 23.218999862670898, 22.919099807739258, 22.073999404907227, 22.977100372314453, 24.044399261474609, 24.748199462890625, 24.961299896240234, 24.24329948425293, 27.176399230957031, 25.348499298095703, 23.379100799560547, 22.949800491333008, 25.843299865722656, 25.48699951171875, 31.436800003051758, 30.656299591064453, 27.061500549316406, 26.760099411010742, 26.660600662231445, 27.120000839233398, 26.966899871826172, 26.125799179077148, 24.082700729370117, 22.922599792480469, 22.962699890136719, 22.885499954223633, 23.187599182128906, 23.01409912109375, 23.013799667358398, 22.126199722290039, 20.845100402832031, 19.976200103759766, 19.191299438476562, 20.504899978637695, 23.923299789428711, 26.317600250244141, 30.435800552368164,
21.136299133300781, 21.41349983215332, 22.299900054931641, 23.180900573730469, 24.914899826049805, 25.582700729370117, 26.053499221801758, 25.562099456787109, 24.438199996948242, 23.513999938964844, 22.45829963684082, 23.315500259399414, 24.722200393676758, 25.800199508666992, 25.87660026550293, 25.283000946044922, 25.83650016784668, 23.746999740600586, 22.398500442504883, 21.078500747680664, 24.466800689697266, 26.631200790405273, 30.073200225830078, 29.986700057983398, 28.17449951171875, 27.407600402832031, 27.153200149536133, 27.110500335693359, 27.037799835205078, 26.169200897216797, 24.433599472045898, 23.385099411010742, 23.3125, 23.042699813842773, 22.506799697875977, 23.136999130249023, 23.085199356079102, 21.826000213623047, 20.35460090637207, 19.026500701904297, 19.057300567626953, 20.549200057983398, 23.952299118041992, 26.051799774169922, 29.398300170898438,
21.867500305175781, 21.736200332641602, 22.659099578857422, 24.260900497436523, 25.160800933837891, 25.444099426269531, 25.828399658203125, 25.70680046081543, 25.56559944152832, 24.799299240112305, 22.980199813842773, 23.222799301147461, 24.822799682617188, 25.642099380493164, 25.960500717163086, 25.547599792480469, 25.472499847412109, 22.11669921875, 20.72599983215332, 19.750600814819336, 20.51460075378418, 21.192300796508789, 26.635700225830078, 28.712699890136719, 27.74530029296875, 26.993200302124023, 26.464000701904297, 26.13800048828125, 25.660400390625, 25.214700698852539, 24.431800842285156, 23.96820068359375, 23.725500106811523, 23.435800552368164, 22.971099853515625, 22.911199569702148, 23.22130012512207, 22.181600570678711, 20.069099426269531, 19.219400405883789, 18.646200180053711, 20.205999374389648, 25.298999786376953, 27.443599700927734, 27.916000366210938,
22.656000137329102, 23.120800018310547, 22.130500793457031, 23.381799697875977, 24.894100189208984, 25.513299942016602, 25.965999603271484, 25.898899078369141, 26.138500213623047, 25.620199203491211, 24.288200378417969, 24.003599166870117, 24.356599807739258, 24.728500366210938, 24.904499053955078, 24.94529914855957, 25.636100769042969, 23.778099060058594, 21.802600860595703, 20.895500183105469, 21.893499374389648, 21.430500030517578, 26.024999618530273, 27.948400497436523, 27.963800430297852, 26.902999877929688, 26.310300827026367, 25.872400283813477, 25.777399063110352, 25.136100769042969, 24.591699600219727, 24.205299377441406, 23.461999893188477, 23.410800933837891, 23.073099136352539, 22.599899291992188, 22.564899444580078, 21.667999267578125, 19.426799774169922, 19.23900032043457, 19.582199096679688, 21.193099975585938, 26.816699981689453, 28.817499160766602, 26.858200073242188,
22.636899948120117, 23.013900756835938, 21.874300003051758, 21.791500091552734, 23.86870002746582, 25.319599151611328, 25.34320068359375, 25.56410026550293, 25.88129997253418, 26.039699554443359, 25.5802001953125, 24.908199310302734, 23.895299911499023, 23.479000091552734, 23.786100387573242, 24.61870002746582, 25.079099655151367, 23.917800903320312, 23.459400177001953, 24.560699462890625, 25.013399124145508, 25.132900238037109, 26.058099746704102, 25.846900939941406, 27.449300765991211, 26.482900619506836, 26.453699111938477, 26.104799270629883, 26.268699645996094, 25.480199813842773, 24.698400497436523, 23.70210075378418, 23.43440055847168, 23.288999557495117, 23.44420051574707, 22.364700317382812, 20.781099319458008, 19.851800918579102, 19.294599533081055, 20.074199676513672, 21.910800933837891, 23.763900756835938, 25.575099945068359, 26.079700469970703, 25.895200729370117,
20.423200607299805, 22.902099609375, 23.934700012207031, 24.241600036621094, 23.710500717163086, 24.525199890136719, 25.548299789428711, 26.022499084472656, 26.156299591064453, 26.325899124145508, 26.225299835205078, 25.709699630737305, 24.499700546264648, 23.463499069213867, 23.052000045776367, 23.636199951171875, 23.530399322509766, 24.239700317382812, 27.006399154663086, 27.693099975585938, 25.893199920654297, 27.940299987792969, 27.506099700927734, 27.085399627685547, 27.762100219726562, 26.633499145507812, 26.433599472045898, 25.748800277709961, 25.746599197387695, 24.942399978637695, 24.862199783325195, 24.608100891113281, 24.413200378417969, 23.114299774169922, 23.165800094604492, 21.036399841308594, 19.95680046081543, 19.369199752807617, 19.19849967956543, 20.521999359130859, 23.32390022277832, 25.577800750732422, 26.012800216674805, 26.640300750732422, 25.920499801635742,
23.272800445556641, 24.021299362182617, 25.527399063110352, 24.597999572753906, 22.770200729370117, 22.858299255371094, 24.668699264526367, 25.753799438476562, 25.887699127197266, 26.315299987792969, 26.204799652099609, 26.052600860595703, 25.831699371337891, 25.102699279785156, 23.595199584960938, 24.515100479125977, 23.872100830078125, 23.975099563598633, 26.122400283813477, 25.913000106811523, 25.988000869750977, 26.648399353027344, 27.521900177001953, 27.066299438476562, 25.472000122070312, 24.481899261474609, 26.343299865722656, 25.740999221801758, 25.153900146484375, 25.755199432373047, 24.323600769042969, 24.356399536132812, 24.981100082397461, 23.445999145507812, 21.982500076293945, 20.982400894165039, 19.610500335693359, 19.191600799560547, 18.909200668334961, 20.137500762939453, 23.86400032043457, 26.120500564575195, 28.669000625610352, 31.861499786376953, 25.839300155639648,
24.763799667358398, 25.641500473022461, 26.2593994140625, 25.284400939941406, 22.475200653076172, 21.887800216674805, 23.600200653076172, 24.459699630737305, 24.499900817871094, 25.184499740600586, 25.355100631713867, 25.503999710083008, 25.554899215698242, 25.149799346923828, 23.448999404907227, 23.400699615478516, 23.324399948120117, 23.151800155639648, 23.366199493408203, 23.736799240112305, 24.343999862670898, 24.875200271606445, 26.068500518798828, 25.949899673461914, 26.101699829101562, 25.278600692749023, 25.100799560546875, 25.657600402832031, 25.672199249267578, 25.500499725341797, 25.161899566650391, 24.018699645996094, 24.74530029296875, 23.480100631713867, 21.720800399780273, 20.700899124145508, 19.753700256347656, 20.093000411987305, 20.164400100708008, 21.622200012207031, 24.572500228881836, 25.998500823974609, 32.097801208496094, 34.001499176025391, 24.899999618530273,
25.186399459838867, 25.484100341796875, 25.367099761962891, 24.412700653076172, 22.162599563598633, 21.380699157714844, 22.085699081420898, 22.311300277709961, 22.305700302124023, 22.872800827026367, 23.43079948425293, 23.699800491333008, 23.904499053955078, 23.708700180053711, 23.238000869750977, 23.279399871826172, 23.36039924621582, 23.709199905395508, 23.789199829101562, 24.012399673461914, 24.267999649047852, 24.315999984741211, 24.498899459838867, 24.86090087890625, 25.577800750732422, 25.710699081420898, 23.429800033569336, 24.149999618530273, 24.486600875854492, 24.307199478149414, 24.510400772094727, 23.815000534057617, 24.395599365234375, 22.924600601196289, 20.697700500488281, 20.528600692749023, 21.12339973449707, 22.502899169921875, 24.045999526977539, 24.649099349975586, 27.347799301147461, 29.23699951171875, 26.569599151611328, 24.873100280761719, 22.865299224853516,
25.164100646972656, 25.273199081420898, 25.624200820922852, 24.527599334716797, 22.756000518798828, 21.755800247192383, 20.997699737548828, 20.802200317382812, 21.12339973449707, 22.148099899291992, 23.201900482177734, 23.485599517822266, 22.943700790405273, 22.736400604248047, 23.016000747680664, 23.225000381469727, 23.494600296020508, 23.613199234008789, 23.551300048828125, 23.535200119018555, 23.777299880981445, 24.065700531005859, 23.705400466918945, 23.122600555419922, 25.342500686645508, 24.370800018310547, 24.548999786376953, 23.622699737548828, 24.205900192260742, 23.912300109863281, 24.155099868774414, 24.14539909362793, 23.968700408935547, 23.197200775146484, 21.991899490356445, 22.152700424194336, 23.617500305175781, 24.822999954223633, 25.589099884033203, 25.849100112915039, 29.250099182128906, 29.714700698852539, 25.444700241088867, 27.845699310302734, 21.96980094909668,
25.899999618530273, 26.015199661254883, 25.49169921875, 25.129800796508789, 24.56559944152832, 22.99370002746582, 20.445999145507812, 19.906099319458008, 20.702400207519531, 22.327199935913086, 24.269899368286133, 24.44890022277832, 22.647899627685547, 22.22130012512207, 22.900199890136719, 23.081199645996094, 23.526399612426758, 23.576799392700195, 23.77910041809082, 23.755500793457031, 23.963800430297852, 23.248199462890625, 23.57080078125, 22.638999938964844, 24.842300415039062, 25.523399353027344, 25.214000701904297, 25.111000061035156, 24.182899475097656, 23.587900161743164, 23.688800811767578, 23.696699142456055, 23.666900634765625, 24.095500946044922, 24.987800598144531, 25.306499481201172, 25.226299285888672, 25.550199508666992, 25.759099960327148, 25.428699493408203, 25.281700134277344, 23.5177001953125, 30.120800018310547, 29.060199737548828, 21.382499694824219,
26.362199783325195, 26.521799087524414, 25.498800277709961, 25.886499404907227, 25.342399597167969, 23.810100555419922, 21.261100769042969, 21.030500411987305, 25.273099899291992, 23.210399627685547, 28.134700775146484, 25.100500106811523, 23.270700454711914, 21.891500473022461, 21.099899291992188, 20.888900756835938, 22.302499771118164, 23.271200180053711, 23.444599151611328, 23.497200012207031, 23.522699356079102, 23.281499862670898, 23.542900085449219, 22.750299453735352, 23.149599075317383, 23.555700302124023, 25.330499649047852, 24.773199081420898, 23.805999755859375, 22.97089958190918, 23.252599716186523, 23.495599746704102, 23.54170036315918, 24.695699691772461, 26.520200729370117, 27.111700057983398, 26.211700439453125, 26.397100448608398, 28.501199722290039, 28.16670036315918, 24.349800109863281, 22.656499862670898, 30.190700531005859, 27.420299530029297, 21.576499938964844,
